#id	fr	x	y	z	velocity	headway	rho
4	115	2.0436	1.6738	0.0000	0.9472	1.0120	0.6548
4	116	2.0816	1.6807	0.0000	0.9445	0.9872	0.6596
4	117	2.1194	1.6862	0.0000	0.9340	0.9629	0.6648
4	118	2.1569	1.6906	0.0000	0.9155	0.9390	0.6707
4	119	2.1942	1.6932	0.0000	0.8845	0.9153	0.6768
4	120	2.2308	1.6937	0.0000	0.8420	0.8922	0.6825
4	121	2.2664	1.6926	0.0000	0.7950	0.8702	0.6877
7	249	1.0845	1.5472	0.0000	0.9565	1.8352	0.6918
7	250	1.1233	1.5429	0.0000	1.0055	1.8345	0.6911
7	251	1.1640	1.5366	0.0000	1.0495	1.8324	0.6907
7	252	1.2069	1.5296	0.0000	1.0812	1.8283	0.6909
7	253	1.2516	1.5238	0.0000	1.1035	1.8232	0.6913
7	254	1.3005	1.5224	0.0000	1.1140	1.8144	0.6922
8	276	1.1860	1.5692	0.0000	0.9887	1.0540	0.8932
8	277	1.2241	1.5665	0.0000	1.0000	1.0524	0.8988
8	278	1.2631	1.5625	0.0000	1.0207	1.0509	0.9042
8	279	1.3029	1.5569	0.0000	1.0480	1.0503	0.9090
8	280	1.3441	1.5506	0.0000	1.0800	1.0503	0.9130
8	281	1.3873	1.5455	0.0000	1.1100	1.0512	0.9157
8	282	1.4327	1.5430	0.0000	1.1368	1.0519	0.9176
8	283	1.4802	1.5434	0.0000	1.1568	1.0530	0.9182
8	284	1.5295	1.5478	0.0000	1.1720	1.0559	0.9163
8	285	1.5801	1.5552	0.0000	1.1810	1.0588	0.9126
8	286	1.6300	1.5637	0.0000	1.1838	1.0613	0.9080
8	287	1.6788	1.5722	0.0000	1.1792	1.0619	0.9036
8	288	1.7258	1.5791	0.0000	1.1675	1.0598	0.9005
8	289	1.7717	1.5849	0.0000	1.1505	1.0553	0.8984
8	290	1.8165	1.5887	0.0000	1.1305	1.0480	0.8981
8	291	1.8608	1.5898	0.0000	1.1125	1.0395	0.8988
8	292	1.9044	1.5880	0.0000	1.0978	1.0320	0.9000
8	293	1.9472	1.5842	0.0000	1.0882	1.0244	0.9022
8	294	1.9897	1.5784	0.0000	1.0830	1.0199	0.9039
8	295	2.0323	1.5710	0.0000	1.0790	1.0147	0.9064
8	296	2.0750	1.5625	0.0000	1.0765	1.0086	0.9096
8	297	2.1179	1.5540	0.0000	1.0755	1.0023	0.9137
9	304	1.2769	1.5165	0.0000	1.1375	1.1430	0.8299
9	305	1.3279	1.5133	0.0000	1.0400	1.1327	0.8289
9	306	1.3779	1.5072	0.0000	0.9945	1.1226	0.8281
9	307	1.4265	1.4988	0.0000	0.9470	1.1139	0.8275
9	308	1.4738	1.4902	0.0000	0.9335	1.1065	0.8268
9	309	1.4834	1.4975	0.0000	0.9170	1.1370	0.8257
9	310	1.4930	1.5048	0.0000	0.8987	1.1681	0.8242
9	311	1.5237	1.5077	0.0000	0.8770	1.1582	0.8295
9	312	1.5543	1.5107	0.0000	0.8575	1.1484	0.8349
9	313	1.5995	1.5148	0.0000	0.8385	1.1467	0.8336
9	314	1.6437	1.5219	0.0000	0.9155	1.1478	0.8322
9	315	1.6874	1.5296	0.0000	0.9932	1.1516	0.8299
9	316	1.7287	1.5361	0.0000	1.0182	1.1604	0.8273
9	317	1.7695	1.5400	0.0000	1.0477	1.1723	0.8239
9	318	1.8092	1.5415	0.0000	1.0428	1.1865	0.8203
9	319	1.8496	1.5405	0.0000	1.0467	1.1990	0.8175
9	320	1.8903	1.5368	0.0000	1.0577	1.2077	0.8162
12	322	0.7397	1.6682	0.0000	1.1745	1.2337	1.0177
12	323	0.7867	1.6606	0.0000	1.1963	1.2299	1.0169
12	324	0.8340	1.6518	0.0000	1.2142	1.2284	1.0167
12	325	0.8827	1.6435	0.0000	1.2215	1.2278	1.0157
12	326	0.9326	1.6376	0.0000	1.2245	1.2283	1.0142
12	327	0.9840	1.6359	0.0000	1.2200	1.2289	1.0112
12	328	1.0361	1.6396	0.0000	1.2118	1.2301	1.0067
12	329	1.0877	1.6444	0.0000	1.1982	1.2295	1.0021
12	330	1.1363	1.6490	0.0000	1.1822	1.2276	0.9982
12	331	1.1830	1.6541	0.0000	1.1663	1.2246	0.9953
12	332	1.2277	1.6591	0.0000	1.1533	1.2207	0.9933
12	333	1.2714	1.6617	0.0000	1.1412	1.2175	0.9928
12	334	1.3133	1.6629	0.0000	1.1360	1.2141	0.9923
12	335	1.3556	1.6605	0.0000	1.1415	1.2104	0.9924
12	336	1.3991	1.6559	0.0000	1.1547	1.2039	0.9940
12	337	1.4453	1.6489	0.0000	1.1730	1.1943	0.9958
12	338	1.4926	1.6408	0.0000	1.1957	1.1830	0.9988
12	339	1.5421	1.6338	0.0000	1.2188	1.1698	1.0018
12	340	1.5929	1.6294	0.0000	1.2402	1.1542	1.0059
12	341	1.6449	1.6289	0.0000	1.2580	1.1379	1.0102
12	342	1.6969	1.6340	0.0000	1.2710	1.1220	1.0150
12	343	1.7497	1.6391	0.0000	1.2810	1.1059	1.0191
12	344	1.8008	1.6446	0.0000	1.2828	1.0897	1.0248
12	345	1.8517	1.6504	0.0000	1.2783	1.0733	1.0306
12	346	1.9023	1.6562	0.0000	1.2720	1.0572	1.0375
12	347	1.9537	1.6607	0.0000	1.2607	1.0407	1.0442
12	348	2.0050	1.6615	0.0000	1.2463	1.0257	1.0508
12	349	2.0552	1.6589	0.0000	1.2345	1.0121	1.0585
12	350	2.1042	1.6534	0.0000	1.2222	1.0009	1.0673
10	368	2.0495	1.6341	0.0000	1.1070	0.8463	0.6944
10	369	2.0928	1.6383	0.0000	1.0932	0.8522	0.6911
10	370	2.1357	1.6426	0.0000	1.0765	0.8587	0.6878
10	371	2.1764	1.6463	0.0000	1.0673	0.8663	0.6849
10	372	2.2178	1.6474	0.0000	1.0600	0.8691	0.6833
10	373	2.2600	1.6453	0.0000	1.0600	0.8682	0.6827
13	419	0.9887	1.6238	0.0000	1.1863	1.1996	0.9203
13	420	1.0367	1.6355	0.0000	1.1910	1.1961	0.9195
13	421	1.0836	1.6445	0.0000	1.2012	1.1952	0.9174
13	422	1.1303	1.6524	0.0000	1.2027	1.1948	0.9150
13	423	1.1769	1.6565	0.0000	1.2033	1.1949	0.9126
13	424	1.2238	1.6567	0.0000	1.2017	1.1954	0.9104
13	425	1.2717	1.6537	0.0000	1.2043	1.1964	0.9081
13	426	1.3219	1.6487	0.0000	1.2068	1.1939	0.9071
13	427	1.3710	1.6398	0.0000	1.2095	1.1902	0.9078
13	428	1.4204	1.6292	0.0000	1.2102	1.1847	0.9100
13	429	1.4694	1.6178	0.0000	1.2055	1.1783	0.9137
13	430	1.5184	1.6068	0.0000	1.1945	1.1708	0.9183
13	431	1.5663	1.5975	0.0000	1.1752	1.1636	0.9238
13	432	1.6141	1.5942	0.0000	1.1575	1.1560	0.9288
13	433	1.6610	1.5978	0.0000	1.1402	1.1491	0.9327
13	434	1.7060	1.6045	0.0000	1.1252	1.1436	0.9364
13	435	1.7495	1.6122	0.0000	1.1110	1.1383	0.9396
13	436	1.7920	1.6212	0.0000	1.1062	1.1321	0.9434
13	437	1.8340	1.6288	0.0000	1.1007	1.1248	0.9477
13	438	1.8765	1.6337	0.0000	1.1040	1.1155	0.9526
13	439	1.9195	1.6344	0.0000	1.1105	1.1046	0.9576
13	440	1.9628	1.6317	0.0000	1.1225	1.0922	0.9633
13	441	2.0088	1.6254	0.0000	1.1392	1.0767	0.9697
13	442	2.0544	1.6219	0.0000	1.1650	1.0623	0.9760
14	443	1.1144	1.6417	0.0000	1.1348	0.9882	0.9669
14	444	1.1612	1.6326	0.0000	1.1382	0.9890	0.9614
14	445	1.2092	1.6290	0.0000	1.1395	0.9893	0.9563
14	446	1.2560	1.6296	0.0000	1.1375	0.9917	0.9517
14	447	1.3015	1.6346	0.0000	1.1358	0.9985	0.9468
14	448	1.3463	1.6413	0.0000	1.1297	1.0040	0.9431
14	449	1.3908	1.6500	0.0000	1.1270	1.0069	0.9412
14	450	1.4345	1.6582	0.0000	1.1225	1.0092	0.9407
14	451	1.4780	1.6643	0.0000	1.1238	1.0110	0.9411
14	452	1.5218	1.6667	0.0000	1.1302	1.0110	0.9428
14	453	1.5663	1.6648	0.0000	1.1405	1.0095	0.9450
14	454	1.6120	1.6608	0.0000	1.1530	1.0061	0.9477
14	455	1.6582	1.6531	0.0000	1.1672	1.0030	0.9501
14	456	1.7055	1.6444	0.0000	1.1795	0.9996	0.9518
14	457	1.7536	1.6351	0.0000	1.1875	0.9939	0.9540
14	458	1.8025	1.6283	0.0000	1.1895	0.9865	0.9565
14	459	1.8520	1.6246	0.0000	1.1838	0.9779	0.9590
14	460	1.9014	1.6277	0.0000	1.1765	0.9671	0.9627
14	461	1.9498	1.6331	0.0000	1.1653	0.9584	0.9657
14	462	1.9968	1.6402	0.0000	1.1490	0.9494	0.9692
14	463	2.0421	1.6468	0.0000	1.1317	0.9411	0.9729
14	464	2.0855	1.6534	0.0000	1.1087	0.9348	0.9764
14	465	2.1288	1.6588	0.0000	1.0887	0.9295	0.9790
14	466	2.1716	1.6625	0.0000	1.0705	0.9236	0.9813
14	467	2.2132	1.6627	0.0000	1.0557	0.9197	0.9830
15	469	1.1786	1.5715	0.0000	1.0597	1.1169	0.8735
15	470	1.2197	1.5663	0.0000	1.0672	1.1172	0.8728
15	471	1.2616	1.5589	0.0000	1.0775	1.1164	0.8723
15	472	1.3052	1.5520	0.0000	1.0882	1.1139	0.8715
15	473	1.3497	1.5473	0.0000	1.1022	1.1109	0.8705
15	474	1.3959	1.5467	0.0000	1.1160	1.1062	0.8696
15	475	1.4422	1.5514	0.0000	1.1275	1.1007	0.8697
15	476	1.4881	1.5583	0.0000	1.1377	1.0961	0.8702
15	477	1.5336	1.5658	0.0000	1.1447	1.0915	0.8713
15	478	1.5793	1.5734	0.0000	1.1500	1.0864	0.8731
15	479	1.6250	1.5807	0.0000	1.1513	1.0823	0.8753
15	480	1.6707	1.5859	0.0000	1.1510	1.0774	0.8786
15	481	1.7167	1.5888	0.0000	1.1510	1.0733	0.8818
15	482	1.7631	1.5880	0.0000	1.1515	1.0683	0.8852
15	483	1.8097	1.5840	0.0000	1.1508	1.0647	0.8872
15	484	1.8564	1.5758	0.0000	1.1493	1.0605	0.8888
15	485	1.9026	1.5655	0.0000	1.1470	1.0577	0.8891
15	486	1.9485	1.5558	0.0000	1.1462	1.0559	0.8883
15	487	1.9942	1.5478	0.0000	1.1450	1.0548	0.8868
15	488	2.0396	1.5437	0.0000	1.1417	1.0534	0.8850
15	489	2.0847	1.5433	0.0000	1.1373	1.0521	0.8840
16	500	1.3710	1.6107	0.0000	1.1230	1.2174	0.7811
16	501	1.4146	1.6200	0.0000	1.1240	1.2221	0.7797
16	502	1.4583	1.6247	0.0000	1.1297	1.2275	0.7781
16	503	1.5027	1.6241	0.0000	1.1428	1.2321	0.7761
16	504	1.5477	1.6186	0.0000	1.1583	1.2342	0.7741
16	505	1.5946	1.6108	0.0000	1.1760	1.2331	0.7725
16	506	1.6429	1.6010	0.0000	1.1900	1.2286	0.7715
16	507	1.6921	1.5897	0.0000	1.2005	1.2206	0.7712
16	508	1.7416	1.5801	0.0000	1.2043	1.2095	0.7716
16	509	1.7916	1.5729	0.0000	1.2022	1.1963	0.7729
16	510	1.8414	1.5698	0.0000	1.1920	1.1825	0.7749
16	511	1.8906	1.5693	0.0000	1.1772	1.1498	0.7834
16	512	1.9385	1.5726	0.0000	1.1618	1.1394	0.7859
16	513	1.9844	1.5776	0.0000	1.1457	1.1303	0.7889
17	523	1.0311	1.5776	0.0000	1.1448	1.3974	0.8307
17	524	1.0772	1.5701	0.0000	1.1447	1.3993	0.8312
17	525	1.1239	1.5644	0.0000	1.1442	1.4010	0.8290
17	526	1.1703	1.5628	0.0000	1.1430	1.4013	0.8294
17	527	1.2161	1.5654	0.0000	1.1415	1.4010	0.8289
17	528	1.2611	1.5704	0.0000	1.1390	1.4008	0.8285
17	529	1.3065	1.5779	0.0000	1.1350	1.3986	0.8289
17	530	1.3518	1.5861	0.0000	1.1285	1.3952	0.8294
17	531	1.3969	1.5932	0.0000	1.1235	1.3895	0.8298
17	532	1.4421	1.5981	0.0000	1.1200	1.3824	0.8303
17	533	1.4867	1.5997	0.0000	1.1205	1.3751	0.8318
17	534	1.5312	1.5984	0.0000	1.1215	1.3674	0.8334
17	535	1.5753	1.5948	0.0000	1.1258	1.3610	0.8354
17	536	1.6197	1.5894	0.0000	1.1317	1.3544	0.8370
17	537	1.6641	1.5827	0.0000	1.1380	1.3477	0.8391
17	538	1.7093	1.5767	0.0000	1.1455	1.3399	0.8418
17	539	1.7551	1.5726	0.0000	1.1505	1.3305	0.8450
17	540	1.8021	1.5727	0.0000	1.1552	1.3187	0.8483
18	549	1.1907	1.6379	0.0000	1.2012	1.0249	0.9150
18	550	1.2399	1.6303	0.0000	1.1902	1.0203	0.9132
18	551	1.2881	1.6250	0.0000	1.1795	1.0166	0.9117
18	552	1.3374	1.6250	0.0000	1.1653	1.0116	0.9109
18	553	1.3842	1.6284	0.0000	1.1465	1.0085	0.9106
18	554	1.4299	1.6337	0.0000	1.1245	1.0064	0.9111
18	555	1.4737	1.6393	0.0000	1.1033	1.0057	0.9123
18	556	1.5171	1.6447	0.0000	1.0837	1.0043	0.9137
18	557	1.5596	1.6492	0.0000	1.0630	1.0030	0.9146
18	558	1.6002	1.6521	0.0000	1.0505	1.0044	0.9152
18	559	1.6405	1.6532	0.0000	1.0445	1.0062	0.9157
18	560	1.6812	1.6525	0.0000	1.0460	1.0084	0.9158
18	561	1.7216	1.6494	0.0000	1.0518	1.0105	0.9160
18	562	1.7626	1.6443	0.0000	1.0630	1.0118	0.9160
18	563	1.8044	1.6378	0.0000	1.0762	1.0123	0.9157
18	564	1.8477	1.6318	0.0000	1.0892	1.0115	0.9151
18	565	1.8921	1.6283	0.0000	1.0998	1.0098	0.9146
18	566	1.9378	1.6280	0.0000	1.1133	1.0073	0.9137
18	567	1.9848	1.6314	0.0000	1.1265	1.0044	0.9133
18	568	2.0307	1.6370	0.0000	1.1405	1.0044	0.9129
18	569	2.0762	1.6428	0.0000	1.1490	1.0054	0.9128
18	570	2.1211	1.6482	0.0000	1.1563	1.0061	0.9139
19	579	1.3112	1.6975	0.0000	1.0460	1.2280	0.7912
19	580	1.3520	1.6923	0.0000	1.0687	1.2318	0.7910
19	581	1.3941	1.6859	0.0000	1.0940	1.2340	0.7910
19	582	1.4381	1.6788	0.0000	1.1202	1.2324	0.7917
19	583	1.4837	1.6723	0.0000	1.1370	1.2273	0.7931
19	584	1.5316	1.6679	0.0000	1.1460	1.2195	0.7948
19	585	1.5807	1.6669	0.0000	1.1475	1.2106	0.7968
19	586	1.6306	1.6700	0.0000	1.1433	1.2007	0.7991
19	587	1.6804	1.6761	0.0000	1.1323	1.1905	0.8016
19	588	1.7263	1.6821	0.0000	1.1160	1.1845	0.8041
19	589	1.7696	1.6879	0.0000	1.0942	1.1811	0.8068
19	590	1.8110	1.6929	0.0000	1.0682	1.1798	0.8096
19	591	1.8514	1.6970	0.0000	1.0422	1.1798	0.8124
19	592	1.8910	1.6990	0.0000	1.0160	1.1819	0.8150
19	593	1.9301	1.6988	0.0000	1.0010	1.1856	0.8171
20	621	1.9894	1.6333	0.0000	1.1400	1.1206	0.6512
21	646	1.0998	1.5316	0.0000	1.0830	1.9839	0.6544
21	647	1.1425	1.5371	0.0000	1.0735	1.9780	0.6559
22	666	0.9039	1.5740	0.0000	1.1845	1.0417	1.0302
22	667	0.9540	1.5849	0.0000	1.1943	1.0302	1.0333
22	668	1.0026	1.5940	0.0000	1.1932	1.0218	1.0360
22	669	1.0496	1.6009	0.0000	1.1865	1.0162	1.0386
22	670	1.0959	1.6058	0.0000	1.1730	1.0137	1.0409
22	671	1.1417	1.6078	0.0000	1.1600	1.0135	1.0433
22	672	1.1873	1.6072	0.0000	1.1478	1.0157	1.0439
22	673	1.2323	1.6039	0.0000	1.1390	1.0216	1.0403
22	674	1.2775	1.5990	0.0000	1.1332	1.0276	1.0346
22	675	1.3224	1.5912	0.0000	1.1282	1.0327	1.0277
22	676	1.3679	1.5822	0.0000	1.1235	1.0342	1.0222
22	677	1.4131	1.5729	0.0000	1.1155	1.0336	1.0177
22	678	1.4582	1.5649	0.0000	1.1050	1.0306	1.0152
22	679	1.5029	1.5590	0.0000	1.0900	1.0263	1.0141
22	680	1.5472	1.5578	0.0000	1.0730	1.0210	1.0139
22	681	1.5911	1.5613	0.0000	1.0543	1.0173	1.0140
22	682	1.6335	1.5676	0.0000	1.0365	1.0149	1.0148
22	683	1.6743	1.5747	0.0000	1.0213	1.0144	1.0162
22	684	1.7135	1.5798	0.0000	1.0093	1.0154	1.0187
22	685	1.7516	1.5818	0.0000	1.0020	1.0179	1.0218
22	686	1.7896	1.5815	0.0000	1.0000	1.0201	1.0254
22	687	1.8277	1.5796	0.0000	1.0068	1.0219	1.0295
22	688	1.8667	1.5772	0.0000	1.0263	1.0228	1.0320
22	689	1.9066	1.5745	0.0000	1.0548	1.0209	1.0351
22	690	1.9480	1.5710	0.0000	1.0922	1.0158	1.0385
22	691	1.9911	1.5664	0.0000	1.1330	1.0091	1.0419
23	692	1.1242	1.5199	0.0000	1.1130	0.9120	0.9994
22	692	2.0362	1.5608	0.0000	1.1728	1.0000	1.0460
23	693	1.1684	1.5207	0.0000	1.1218	0.9164	0.9955
22	693	2.0848	1.5568	0.0000	1.2047	0.9877	1.0504
23	694	1.2134	1.5172	0.0000	1.1333	0.9220	0.9914
22	694	2.1354	1.5541	0.0000	1.2257	0.9728	1.0555
23	695	1.2600	1.5111	0.0000	1.1482	0.9285	0.9868
23	696	1.3057	1.5024	0.0000	1.1643	0.9371	0.9819
23	697	1.3522	1.4919	0.0000	1.1750	0.9446	0.9777
23	698	1.4003	1.4822	0.0000	1.1782	0.9483	0.9751
23	699	1.4487	1.4744	0.0000	1.1730	0.9482	0.9748
23	700	1.4973	1.4696	0.0000	1.1592	0.9450	0.9769
23	701	1.5463	1.4716	0.0000	1.1460	0.9393	0.9808
23	702	1.5942	1.4788	0.0000	1.1317	0.9329	0.9866
23	703	1.6397	1.4889	0.0000	1.1117	0.9275	0.9934
23	704	1.6826	1.4985	0.0000	1.0952	0.9239	1.0006
23	705	1.7237	1.5055	0.0000	1.0812	0.9210	1.0077
23	706	1.7641	1.5093	0.0000	1.0705	0.9190	1.0134
23	707	1.8049	1.5098	0.0000	1.0673	0.9159	1.0187
23	708	1.8450	1.5071	0.0000	1.0735	0.9133	1.0230
23	709	1.8868	1.5023	0.0000	1.0955	0.9081	1.0268
24	710	0.8892	1.6030	0.0000	1.1360	1.0406	1.0514
23	710	1.9298	1.4954	0.0000	1.1252	0.9004	1.0304
24	711	0.9319	1.5989	0.0000	1.1345	1.0426	1.0461
23	711	1.9745	1.4874	0.0000	1.1615	0.8893	1.0353
24	712	0.9752	1.5932	0.0000	1.1415	1.0459	1.0399
23	712	2.0211	1.4788	0.0000	1.1925	0.8754	1.0410
24	713	1.0199	1.5873	0.0000	1.1535	1.0492	1.0334
23	713	2.0691	1.4709	0.0000	1.2178	0.8591	1.0481
24	714	1.0664	1.5826	0.0000	1.1680	1.0544	1.0254
23	714	2.1208	1.4664	0.0000	1.2300	0.8384	1.0566
24	715	1.1143	1.5802	0.0000	1.1857	1.0595	1.0172
23	715	2.1738	1.4667	0.0000	1.2332	0.8161	1.0663
24	716	1.1634	1.5807	0.0000	1.2007	1.0653	1.0083
23	716	2.2287	1.4728	0.0000	1.2328	0.7914	1.0772
24	717	1.2142	1.5865	0.0000	1.2132	1.0677	1.0007
23	717	2.2819	1.4823	0.0000	1.2297	0.7680	1.0895
24	718	1.2647	1.5933	0.0000	1.2227	1.0674	0.9952
23	718	2.3321	1.4933	0.0000	1.2222	0.7477	1.1019
24	719	1.3143	1.5997	0.0000	1.2280	1.0645	0.9920
23	719	2.3788	1.5019	0.0000	1.2050	0.7323	1.1131
24	720	1.3635	1.6067	0.0000	1.2320	1.0596	0.9896
24	721	1.4122	1.6132	0.0000	1.2350	1.0554	0.9877
24	722	1.4605	1.6175	0.0000	1.2330	1.0525	0.9864
24	723	1.5090	1.6183	0.0000	1.2323	1.0490	0.9858
24	724	1.5576	1.6153	0.0000	1.2315	1.0452	0.9853
24	725	1.6071	1.6091	0.0000	1.2288	1.0402	0.9855
24	726	1.6574	1.6001	0.0000	1.2223	1.0343	0.9862
24	727	1.7074	1.5901	0.0000	1.2125	1.0288	0.9878
24	728	1.7576	1.5819	0.0000	1.2025	1.0221	0.9906
24	729	1.8069	1.5766	0.0000	1.1910	1.0158	0.9943
24	730	1.8550	1.5754	0.0000	1.1770	1.0079	1.0003
24	731	1.9011	1.5781	0.0000	1.1542	0.9998	1.0079
24	732	1.9455	1.5817	0.0000	1.1297	0.9915	1.0169
24	733	1.9900	1.5842	0.0000	1.1020	0.9811	1.0261
24	734	2.0340	1.5865	0.0000	1.0775	0.9708	1.0340
24	735	2.0779	1.5896	0.0000	1.0580	0.9615	1.0402
24	736	2.1191	1.5915	0.0000	1.0485	0.9549	1.0451
24	737	2.1593	1.5919	0.0000	1.0457	0.9506	1.0483
25	750	1.7868	1.6521	0.0000	1.1652	0.9272	0.7382
25	751	1.8319	1.6578	0.0000	1.1660	0.9233	0.7393
25	752	1.8769	1.6610	0.0000	1.1708	0.9181	0.7404
25	753	1.9233	1.6598	0.0000	1.1795	0.9110	0.7410
25	754	1.9703	1.6548	0.0000	1.1878	0.9024	0.7415
25	755	2.0177	1.6470	0.0000	1.1918	0.8928	0.7419
25	756	2.0667	1.6382	0.0000	1.1940	0.8803	0.7423
25	757	2.1162	1.6308	0.0000	1.1915	0.8663	0.7430
25	758	2.1664	1.6256	0.0000	1.1810	0.8520	0.7438
25	759	2.2159	1.6235	0.0000	1.1657	0.8371	0.7453
25	760	2.2635	1.6232	0.0000	1.1485	0.8229	0.7477
25	761	2.3095	1.6244	0.0000	1.1272	0.8096	0.7504
27	808	0.9980	1.6808	0.0000	1.2530	1.7004	0.7468
27	809	1.0481	1.6751	0.0000	1.2640	1.6902	0.7474
27	810	1.0989	1.6663	0.0000	1.2715	1.6788	0.7483
27	811	1.1510	1.6541	0.0000	1.2723	1.6655	0.7499
27	812	1.2042	1.6411	0.0000	1.2668	1.6510	0.7519
27	813	1.2570	1.6278	0.0000	1.2560	1.6367	0.7545
27	814	1.3092	1.6159	0.0000	1.2417	1.6229	0.7575
27	815	1.3600	1.6098	0.0000	1.2297	1.6110	0.7602
27	816	1.4084	1.6111	0.0000	1.2130	1.6020	0.7625
27	817	1.4549	1.6165	0.0000	1.1925	1.5959	0.7645
27	818	1.5004	1.6244	0.0000	1.1728	1.5915	0.7663
27	819	1.5448	1.6334	0.0000	1.1547	1.5886	0.7679
28	837	1.4048	1.6508	0.0000	1.2468	1.0234	0.8356
28	838	1.4544	1.6411	0.0000	1.2585	1.0260	0.8318
28	839	1.5061	1.6323	0.0000	1.2702	1.0260	0.8286
28	840	1.5591	1.6259	0.0000	1.2770	1.0241	0.8259
28	841	1.6116	1.6219	0.0000	1.2778	1.0200	0.8246
28	842	1.6645	1.6240	0.0000	1.2732	1.0151	0.8240
28	843	1.7169	1.6285	0.0000	1.2650	1.0091	0.8238
28	844	1.7678	1.6332	0.0000	1.2543	1.0026	0.8247
28	845	1.8182	1.6397	0.0000	1.2430	0.9955	0.8266
28	846	1.8669	1.6463	0.0000	1.2310	0.9875	0.8299
28	847	1.9141	1.6518	0.0000	1.2188	0.9789	0.8344
28	848	1.9604	1.6542	0.0000	1.2070	0.9714	0.8392
28	849	2.0078	1.6532	0.0000	1.2012	0.9626	0.8444
28	850	2.0563	1.6492	0.0000	1.1955	0.9532	0.8499
28	851	2.1040	1.6412	0.0000	1.1930	0.9454	0.8552
28	852	2.1520	1.6307	0.0000	1.1920	0.9376	0.8609
28	853	2.1997	1.6189	0.0000	1.1895	0.9299	0.8663
29	861	1.2164	1.5767	0.0000	1.2015	1.3504	0.7873
29	862	1.2625	1.5800	0.0000	1.2067	1.3461	0.7900
29	863	1.3099	1.5788	0.0000	1.2157	1.3411	0.7917
29	864	1.3593	1.5743	0.0000	1.2292	1.3348	0.7925
29	865	1.4096	1.5667	0.0000	1.2467	1.3287	0.7922
29	866	1.4607	1.5577	0.0000	1.2655	1.3228	0.7913
29	867	1.5126	1.5501	0.0000	1.2820	1.3179	0.7896
29	868	1.5646	1.5451	0.0000	1.2957	1.3141	0.7875
29	869	1.6173	1.5469	0.0000	1.3035	1.3101	0.7855
29	870	1.6700	1.5523	0.0000	1.3093	1.3056	0.7839
29	871	1.7226	1.5594	0.0000	1.3137	1.3006	0.7828
29	872	1.7753	1.5676	0.0000	1.3162	1.2933	0.7830
29	873	1.8282	1.5751	0.0000	1.3182	1.2839	0.7843
30	885	1.1417	1.5634	0.0000	1.2348	1.2913	0.8355
30	886	1.1919	1.5534	0.0000	1.2377	1.2869	0.8362
30	887	1.2431	1.5457	0.0000	1.2398	1.2819	0.8369
30	888	1.2939	1.5388	0.0000	1.2340	1.2773	0.8379
30	889	1.3450	1.5374	0.0000	1.2257	1.2729	0.8384
30	890	1.3950	1.5398	0.0000	1.2130	1.2704	0.8388
30	891	1.4438	1.5440	0.0000	1.1997	1.2697	0.8388
30	892	1.4913	1.5511	0.0000	1.1877	1.2714	0.8387
30	893	1.5374	1.5594	0.0000	1.1790	1.2746	0.8386
30	894	1.5824	1.5665	0.0000	1.1740	1.2784	0.8388
30	895	1.6269	1.5696	0.0000	1.1750	1.2825	0.8389
30	896	1.6718	1.5676	0.0000	1.1825	1.2865	0.8392
30	897	1.7182	1.5626	0.0000	1.1962	1.2870	0.8402
30	898	1.7655	1.5538	0.0000	1.2155	1.2847	0.8417
30	899	1.8146	1.5435	0.0000	1.2360	1.2794	0.8432
30	900	1.8650	1.5331	0.0000	1.2528	1.2703	0.8455
31	905	1.0016	1.5836	0.0000	1.1372	1.1264	0.9509
31	906	1.0468	1.5839	0.0000	1.1352	1.1290	0.9471
31	907	1.0917	1.5826	0.0000	1.1397	1.1304	0.9443
31	908	1.1361	1.5797	0.0000	1.1422	1.1309	0.9414
31	909	1.1798	1.5745	0.0000	1.1493	1.1308	0.9395
31	910	1.2246	1.5692	0.0000	1.1580	1.1298	0.9386
31	911	1.2708	1.5649	0.0000	1.1638	1.1286	0.9386
31	912	1.3187	1.5638	0.0000	1.1675	1.1266	0.9390
31	913	1.3679	1.5670	0.0000	1.1725	1.1240	0.9395
31	914	1.4165	1.5723	0.0000	1.1765	1.1209	0.9411
31	915	1.4648	1.5784	0.0000	1.1773	1.1185	0.9430
31	916	1.5123	1.5837	0.0000	1.1755	1.1163	0.9452
31	917	1.5587	1.5872	0.0000	1.1705	1.1152	0.9478
31	918	1.6051	1.5892	0.0000	1.1618	1.1124	0.9513
31	919	1.6504	1.5890	0.0000	1.1547	1.1105	0.9552
31	920	1.6955	1.5860	0.0000	1.1495	1.1073	0.9600
31	921	1.7410	1.5811	0.0000	1.1468	1.1029	0.9647
31	922	1.7869	1.5742	0.0000	1.1475	1.0970	0.9687
31	923	1.8326	1.5656	0.0000	1.1482	1.0915	0.9718
31	924	1.8784	1.5562	0.0000	1.1527	1.0859	0.9745
31	925	1.9246	1.5477	0.0000	1.1595	1.0802	0.9768
31	926	1.9710	1.5417	0.0000	1.1660	1.0755	0.9779
31	927	2.0177	1.5403	0.0000	1.1702	1.0709	0.9784
31	928	2.0644	1.5425	0.0000	1.1742	1.0681	0.9779
32	934	1.3662	1.6279	0.0000	1.1947	0.9831	0.8595
32	935	1.4169	1.6333	0.0000	1.2002	0.9788	0.8572
32	936	1.4656	1.6379	0.0000	1.2013	0.9782	0.8546
32	937	1.5136	1.6415	0.0000	1.1987	0.9787	0.8525
32	938	1.5614	1.6436	0.0000	1.1950	0.9801	0.8502
32	939	1.6086	1.6435	0.0000	1.1882	0.9823	0.8476
32	940	1.6547	1.6422	0.0000	1.1815	0.9876	0.8443
32	941	1.7007	1.6393	0.0000	1.1807	0.9922	0.8414
32	942	1.7468	1.6346	0.0000	1.1840	0.9949	0.8393
32	943	1.7939	1.6273	0.0000	1.1860	0.9942	0.8386
32	944	1.8415	1.6186	0.0000	1.1855	0.9908	0.8393
32	945	1.8895	1.6106	0.0000	1.1843	0.9850	0.8418
32	946	1.9379	1.6049	0.0000	1.1785	0.9776	0.8455
32	947	1.9872	1.6028	0.0000	1.1700	0.9678	0.8494
32	948	2.0358	1.6049	0.0000	1.1555	0.9585	0.8522
32	949	2.0828	1.6100	0.0000	1.1388	0.9513	0.8543
32	950	2.1284	1.6162	0.0000	1.1205	0.9437	0.8565
32	951	2.1721	1.6219	0.0000	1.1035	0.9371	0.8589
33	964	1.3990	1.7358	0.0000	1.1557	1.3475	0.7346
33	965	1.4430	1.7436	0.0000	1.1275	1.3467	0.7348
33	966	1.4864	1.7498	0.0000	1.0995	1.3453	0.7356
33	967	1.5286	1.7537	0.0000	1.0740	1.3435	0.7372
33	968	1.5701	1.7543	0.0000	1.0617	1.3405	0.7396
33	969	1.6111	1.7523	0.0000	1.0582	1.3372	0.7425
33	970	1.6522	1.7478	0.0000	1.0570	1.3324	0.7461
33	971	1.6940	1.7412	0.0000	1.0610	1.3258	0.7501
33	972	1.7358	1.7330	0.0000	1.0685	1.3187	0.7540
33	973	1.7788	1.7244	0.0000	1.0725	1.3096	0.7579
33	974	1.8223	1.7165	0.0000	1.0730	1.2995	0.7616
36	1064	1.0197	1.5632	0.0000	1.1962	0.8300	1.0887
36	1065	1.0723	1.5641	0.0000	1.1917	0.8219	1.0786
36	1066	1.1241	1.5700	0.0000	1.1822	0.8118	1.0709
36	1067	1.1727	1.5757	0.0000	1.1620	0.8038	1.0647
36	1068	1.2195	1.5793	0.0000	1.1427	0.7981	1.0593
36	1069	1.2629	1.5811	0.0000	1.1142	0.7958	1.0550
36	1070	1.3043	1.5815	0.0000	1.0828	0.7971	1.0507
36	1071	1.3456	1.5810	0.0000	1.0562	0.7998	1.0471
36	1072	1.3847	1.5997	0.0000	1.0392	0.8056	1.0438
36	1073	1.4254	1.5974	0.0000	1.0290	0.8101	1.0417
36	1074	1.4654	1.5944	0.0000	1.0310	0.8160	1.0404
36	1075	1.5054	1.5909	0.0000	1.0413	0.8228	1.0382
36	1076	1.5466	1.5872	0.0000	1.0503	0.8288	1.0348
36	1077	1.5884	1.5861	0.0000	1.0675	0.8327	1.0316
36	1078	1.6311	1.5877	0.0000	1.0813	0.8344	1.0291
36	1079	1.6753	1.5930	0.0000	1.0923	0.8328	1.0274
36	1080	1.7208	1.6030	0.0000	1.0995	0.8279	1.0275
36	1081	1.7657	1.6145	0.0000	1.1030	0.8218	1.0288
36	1082	1.8117	1.6215	0.0000	1.1023	0.8148	1.0303
36	1083	1.8579	1.6252	0.0000	1.0975	0.8087	1.0317
36	1084	1.9023	1.6269	0.0000	1.0898	0.8051	1.0334
36	1085	1.9452	1.6280	0.0000	1.0772	0.8056	1.0342
36	1086	1.9878	1.6271	0.0000	1.0620	0.8082	1.0353
36	1087	2.0293	1.6255	0.0000	1.0462	0.8148	1.0356
36	1088	2.0701	1.6225	0.0000	1.0280	0.8239	1.0359
36	1089	2.1112	1.6182	0.0000	1.0165	0.8354	1.0355
36	1090	2.1517	1.6110	0.0000	1.0105	0.8483	1.0328
36	1091	2.1905	1.6023	0.0000	0.9298	0.8615	1.0292
36	1092	2.2302	1.5937	0.0000	0.9267	0.8702	1.0251
37	1094	1.2241	1.5036	0.0000	1.0167	1.0848	0.8686
37	1095	1.2610	1.5025	0.0000	1.0088	1.0884	0.8666
37	1096	1.2984	1.4988	0.0000	1.0155	1.0613	0.8761
37	1097	1.3377	1.4933	0.0000	1.0420	1.0623	0.8742
37	1098	1.3786	1.4856	0.0000	1.0818	1.0689	0.8700
37	1099	1.4219	1.4760	0.0000	1.1295	1.0657	0.8693
37	1100	1.4670	1.4664	0.0000	1.1653	1.0606	0.8692
37	1101	1.5149	1.4587	0.0000	1.1883	1.0330	0.8765
37	1102	1.5662	1.4554	0.0000	1.1987	1.0200	0.8766
37	1103	1.6206	1.4589	0.0000	1.2038	1.0045	0.8762
37	1104	1.6759	1.4689	0.0000	1.2030	0.9888	0.8755
37	1105	1.7271	1.4817	0.0000	1.1995	0.9784	0.8751
37	1106	1.7737	1.4952	0.0000	1.1908	0.9738	0.8749
37	1107	1.8172	1.5069	0.0000	1.1750	0.9740	0.8745
37	1108	1.8601	1.5150	0.0000	1.1510	0.9777	0.8738
37	1109	1.9031	1.5193	0.0000	1.1260	0.9836	0.8726
37	1110	1.9468	1.5198	0.0000	1.1155	0.9906	0.8716
37	1111	1.9912	1.5169	0.0000	1.1173	0.9978	0.8711
37	1112	2.0362	1.5109	0.0000	1.1270	1.0040	0.8716
37	1113	2.0810	1.5024	0.0000	1.1418	1.0070	0.8740
37	1114	2.1263	1.4925	0.0000	1.1540	1.0045	0.8783
38	1117	1.0104	1.5979	0.0000	1.2580	1.2576	0.8855
38	1118	1.0602	1.6002	0.0000	1.2385	1.2566	0.8823
38	1119	1.1085	1.6007	0.0000	1.2153	1.2562	0.8801
38	1120	1.1556	1.5990	0.0000	1.1970	1.2552	0.8788
38	1121	1.2023	1.5952	0.0000	1.1827	1.2540	0.8789
38	1122	1.2489	1.5895	0.0000	1.1730	1.2518	0.8802
38	1123	1.2950	1.5821	0.0000	1.1697	1.2501	0.8822
38	1124	1.3399	1.5740	0.0000	1.1660	1.2501	0.8834
38	1125	1.3855	1.5684	0.0000	1.1660	1.2493	0.8834
38	1126	1.4319	1.5662	0.0000	1.1692	1.2486	0.8828
38	1127	1.4796	1.5692	0.0000	1.1720	1.2469	0.8814
38	1128	1.5281	1.5762	0.0000	1.1758	1.2464	0.8784
38	1129	1.5749	1.5815	0.0000	1.1812	1.2499	0.8742
38	1130	1.6220	1.5872	0.0000	1.1880	1.2551	0.8691
38	1131	1.6700	1.5925	0.0000	1.1965	1.2602	0.8640
38	1132	1.7177	1.5971	0.0000	1.2067	1.2656	0.8594
38	1133	1.7653	1.6005	0.0000	1.2145	1.2693	0.8556
38	1134	1.8124	1.6012	0.0000	1.2240	1.2688	0.8543
38	1135	1.8607	1.5981	0.0000	1.2292	1.2609	0.8558
39	1144	1.2011	1.6868	0.0000	1.1795	1.0952	0.8848
39	1145	1.2475	1.6845	0.0000	1.1900	1.0915	0.8830
39	1146	1.2956	1.6797	0.0000	1.2007	1.0868	0.8809
39	1147	1.3445	1.6729	0.0000	1.2102	1.0815	0.8793
39	1148	1.3935	1.6649	0.0000	1.2178	1.0762	0.8778
39	1149	1.4438	1.6579	0.0000	1.2212	1.0703	0.8763
39	1150	1.4939	1.6529	0.0000	1.2182	1.0659	0.8749
39	1151	1.5445	1.6509	0.0000	1.2082	1.0611	0.8742
39	1152	1.5944	1.6517	0.0000	1.1955	1.0578	0.8736
39	1153	1.6425	1.6538	0.0000	1.1847	1.0574	0.8731
39	1154	1.6896	1.6576	0.0000	1.1723	1.0579	0.8717
39	1155	1.7348	1.6635	0.0000	1.1635	1.0608	0.8705
39	1156	1.7789	1.6687	0.0000	1.1565	1.0633	0.8694
39	1157	1.8227	1.6719	0.0000	1.1555	1.0631	0.8688
39	1158	1.8674	1.6727	0.0000	1.1625	1.0610	0.8679
39	1159	1.9127	1.6702	0.0000	1.1750	1.0564	0.8677
39	1160	1.9593	1.6644	0.0000	1.1935	1.0486	0.8685
39	1161	2.0071	1.6564	0.0000	1.2065	1.0379	0.8707
39	1162	2.0566	1.6491	0.0000	1.2148	1.0245	0.8739
39	1163	2.1075	1.6437	0.0000	1.2195	1.0089	0.8775
40	1178	1.5352	1.6068	0.0000	1.2038	1.2407	0.7282
40	1179	1.5846	1.6034	0.0000	1.2012	1.2326	0.7282
40	1180	1.6333	1.6055	0.0000	1.1962	1.2232	0.7285
40	1181	1.6809	1.6096	0.0000	1.1910	1.2141	0.7291
40	1182	1.7275	1.6141	0.0000	1.1855	1.2050	0.7302
40	1183	1.7744	1.6195	0.0000	1.1785	1.1943	0.7318
40	1184	1.8207	1.6238	0.0000	1.1747	1.1829	0.7338
40	1185	1.8669	1.6263	0.0000	1.1758	1.1708	0.7362
40	1186	1.9131	1.6260	0.0000	1.1812	1.1588	0.7391
40	1187	1.9597	1.6234	0.0000	1.1905	1.1475	0.7416
41	1201	1.1083	1.5981	0.0000	1.2072	1.5185	0.7715
41	1202	1.1560	1.5927	0.0000	1.1955	1.5133	0.7714
41	1203	1.2035	1.5971	0.0000	1.1800	1.5073	0.7717
41	1204	1.2497	1.6057	0.0000	1.1620	1.5015	0.7722
41	1205	1.2953	1.6156	0.0000	1.1475	1.4949	0.7730
41	1206	1.3405	1.6257	0.0000	1.1380	1.4871	0.7741
41	1207	1.3859	1.6345	0.0000	1.1315	1.4782	0.7759
41	1208	1.4307	1.6387	0.0000	1.1290	1.4682	0.7783
41	1209	1.4752	1.6392	0.0000	1.1340	1.4577	0.7812
41	1210	1.5191	1.6360	0.0000	1.1460	1.4475	0.7848
41	1211	1.5635	1.6301	0.0000	1.1647	1.4367	0.7887
41	1212	1.6086	1.6229	0.0000	1.1847	1.4246	0.7934
41	1213	1.6551	1.6143	0.0000	1.2057	1.3853	0.8068
41	1214	1.7033	1.6072	0.0000	1.2255	1.3701	0.8122
41	1215	1.7537	1.6024	0.0000	1.2423	1.3518	0.8178
41	1216	1.8064	1.6031	0.0000	1.2557	1.3319	0.8225
42	1225	1.1170	1.6345	0.0000	1.1975	1.1379	0.8944
42	1226	1.1668	1.6257	0.0000	1.2017	1.1348	0.8893
42	1227	1.2181	1.6191	0.0000	1.2055	1.1300	0.8849
42	1228	1.2691	1.6168	0.0000	1.2025	1.1244	0.8812
42	1229	1.3187	1.6208	0.0000	1.1940	1.1191	0.8789
42	1230	1.3651	1.6258	0.0000	1.1820	1.1161	0.8770
42	1231	1.4109	1.6320	0.0000	1.1683	1.1133	0.8763
42	1232	1.4573	1.6398	0.0000	1.1535	1.1094	0.8756
42	1233	1.5023	1.6480	0.0000	1.1413	1.1070	0.8742
42	1234	1.5456	1.6550	0.0000	1.1318	1.1046	0.8737
42	1235	1.5898	1.6598	0.0000	1.1325	1.1008	0.8736
42	1236	1.6341	1.6606	0.0000	1.1387	1.0967	0.8744
42	1237	1.6795	1.6580	0.0000	1.1445	1.0907	0.8759
42	1238	1.7256	1.6518	0.0000	1.1515	1.0843	0.8775
42	1239	1.7714	1.6417	0.0000	1.1605	1.0783	0.8792
42	1240	1.8181	1.6305	0.0000	1.1645	1.0718	0.8810
42	1241	1.8664	1.6210	0.0000	1.1662	1.0642	0.8830
42	1242	1.9151	1.6140	0.0000	1.1665	1.0575	0.8849
42	1243	1.9629	1.6128	0.0000	1.1660	1.0508	0.8871
42	1244	2.0098	1.6160	0.0000	1.1670	1.0474	0.8887
42	1245	2.0556	1.6220	0.0000	1.1652	1.0470	0.8895
43	1253	1.1972	1.5961	0.0000	1.0307	1.2317	0.8339
43	1254	1.2366	1.5984	0.0000	1.0415	1.2414	0.8283
43	1255	1.2775	1.5989	0.0000	1.0592	1.2520	0.8224
43	1256	1.3202	1.5961	0.0000	1.0825	1.2609	0.8171
43	1257	1.3635	1.5894	0.0000	1.1030	1.2689	0.8125
43	1258	1.4088	1.5800	0.0000	1.1202	1.2745	0.8087
43	1259	1.4548	1.5705	0.0000	1.1333	1.2778	0.8056
43	1260	1.5021	1.5634	0.0000	1.1427	1.2778	0.8038
43	1261	1.5508	1.5616	0.0000	1.1495	1.2756	0.8024
43	1262	1.5990	1.5657	0.0000	1.1552	1.2725	0.8017
43	1263	1.6453	1.5741	0.0000	1.1567	1.2694	0.8012
43	1264	1.6899	1.5846	0.0000	1.1547	1.2670	0.8012
43	1265	1.7346	1.5957	0.0000	1.1518	1.2639	0.8013
43	1266	1.7800	1.6054	0.0000	1.1473	1.2598	0.8013
43	1267	1.8256	1.6123	0.0000	1.1453	1.2550	0.8018
43	1268	1.8715	1.6158	0.0000	1.1478	1.2487	0.8027
44	1281	1.2225	1.5979	0.0000	1.0735	1.2331	0.8270
44	1282	1.2629	1.5990	0.0000	1.0768	1.2355	0.8260
44	1283	1.3039	1.5957	0.0000	1.0882	1.2376	0.8247
44	1284	1.3466	1.5894	0.0000	1.1082	1.2391	0.8230
44	1285	1.3897	1.5799	0.0000	1.1350	1.2424	0.8208
44	1286	1.4348	1.5701	0.0000	1.1630	1.2454	0.8183
44	1287	1.4831	1.5633	0.0000	1.1860	1.2452	0.8162
44	1288	1.5327	1.5590	0.0000	1.2022	1.2439	0.8146
44	1289	1.5842	1.5596	0.0000	1.2107	1.2386	0.8141
44	1290	1.6362	1.5644	0.0000	1.2165	1.2337	0.8130
44	1291	1.6877	1.5732	0.0000	1.2167	1.2285	0.8116
44	1292	1.7373	1.5827	0.0000	1.2075	1.2252	0.8100
44	1293	1.7848	1.5925	0.0000	1.1955	1.2222	0.8090
44	1294	1.8309	1.6026	0.0000	1.1847	1.2196	0.8083
44	1295	1.8763	1.6107	0.0000	1.1728	1.2170	0.8081
44	1296	1.9215	1.6154	0.0000	1.1660	1.2141	0.8082
45	1302	0.9242	1.5665	0.0000	1.1175	1.2791	0.9132
45	1303	0.9694	1.5666	0.0000	1.1248	1.2835	0.9081
45	1304	1.0146	1.5703	0.0000	1.1285	1.2873	0.9038
45	1305	1.0596	1.5761	0.0000	1.1330	1.2910	0.9008
45	1306	1.1050	1.5833	0.0000	1.1350	1.2933	0.8992
45	1307	1.1511	1.5903	0.0000	1.1358	1.2940	0.8986
45	1308	1.1973	1.5957	0.0000	1.1378	1.2936	0.8986
45	1309	1.2426	1.5982	0.0000	1.1413	1.2934	0.8990
45	1310	1.2879	1.5982	0.0000	1.1477	1.2920	0.9003
45	1311	1.3330	1.5958	0.0000	1.1560	1.2896	0.9023
45	1312	1.3785	1.5913	0.0000	1.1638	1.2872	0.9042
45	1313	1.4245	1.5852	0.0000	1.1705	1.2847	0.9065
45	1314	1.4711	1.5786	0.0000	1.1763	1.2832	0.9082
45	1315	1.5187	1.5734	0.0000	1.1800	1.2820	0.9095
45	1316	1.5674	1.5706	0.0000	1.1845	1.2813	0.9094
45	1317	1.6166	1.5719	0.0000	1.1855	1.2816	0.9076
45	1318	1.6655	1.5771	0.0000	1.1843	1.2819	0.9052
45	1319	1.7131	1.5837	0.0000	1.1802	1.2831	0.9024
45	1320	1.7599	1.5905	0.0000	1.1720	1.2838	0.8996
45	1321	1.8068	1.5958	0.0000	1.1605	1.2817	0.8975
45	1322	1.8527	1.5987	0.0000	1.1465	1.2777	0.8963
46	1332	1.3358	1.6399	0.0000	1.1610	0.9539	0.8839
46	1333	1.3817	1.6465	0.0000	1.1622	0.9485	0.8839
46	1334	1.4283	1.6510	0.0000	1.1607	0.9417	0.8845
46	1335	1.4753	1.6526	0.0000	1.1570	0.9341	0.8857
46	1336	1.5220	1.6516	0.0000	1.1555	0.9277	0.8869
46	1337	1.5692	1.6473	0.0000	1.1582	0.9214	0.8870
46	1338	1.6156	1.6406	0.0000	1.1605	0.9170	0.8863
46	1339	1.6617	1.6322	0.0000	1.1598	0.9132	0.8859
46	1340	1.7075	1.6230	0.0000	1.1545	0.9100	0.8864
46	1341	1.7532	1.6155	0.0000	1.1457	0.9070	0.8881
46	1342	1.7991	1.6103	0.0000	1.1333	0.9033	0.8899
46	1343	1.8459	1.6095	0.0000	1.1233	0.8972	0.8917
46	1344	1.8922	1.6130	0.0000	1.1135	0.8909	0.8935
46	1345	1.9371	1.6196	0.0000	1.1040	0.8851	0.8952
46	1346	1.9803	1.6272	0.0000	1.0947	0.8825	0.8964
46	1347	2.0225	1.6338	0.0000	1.0880	0.8806	0.8979
46	1348	2.0649	1.6381	0.0000	1.0822	0.8777	0.9004
46	1349	2.1071	1.6399	0.0000	1.0812	0.8744	0.9038
46	1350	2.1491	1.6394	0.0000	1.0875	0.8696	0.9085
46	1351	2.1911	1.6370	0.0000	1.1015	0.8640	0.9139
46	1352	2.2343	1.6333	0.0000	1.1190	0.8554	0.9203
46	1353	2.2788	1.6279	0.0000	1.1375	0.8453	0.9255
47	1363	1.3990	1.6807	0.0000	1.1885	1.3436	0.7380
47	1364	1.4484	1.6750	0.0000	1.2010	1.3329	0.7374
47	1365	1.4991	1.6707	0.0000	1.2057	1.3202	0.7375
47	1366	1.5507	1.6700	0.0000	1.2043	1.3056	0.7384
47	1367	1.6029	1.6739	0.0000	1.1955	1.2900	0.7397
47	1368	1.6533	1.6810	0.0000	1.1780	1.2764	0.7412
47	1369	1.7000	1.6889	0.0000	1.1545	1.2654	0.7431
47	1370	1.7441	1.6969	0.0000	1.1270	1.2566	0.7455
47	1371	1.7874	1.7031	0.0000	1.0982	1.2476	0.7485
47	1372	1.8294	1.7074	0.0000	1.0680	1.2391	0.7522
47	1373	1.8702	1.7091	0.0000	1.0443	1.2300	0.7571
47	1374	1.9102	1.7086	0.0000	1.0320	1.2188	0.7633
50	1468	1.2358	1.5889	0.0000	1.1147	0.9365	0.9260
50	1469	1.2803	1.5806	0.0000	1.1257	0.9390	0.9230
50	1470	1.3260	1.5714	0.0000	1.1340	0.9419	0.9193
50	1471	1.3728	1.5635	0.0000	1.1402	0.9448	0.9170
50	1472	1.4206	1.5576	0.0000	1.1433	0.9500	0.9140
50	1473	1.4683	1.5566	0.0000	1.1433	0.9557	0.9115
50	1474	1.5146	1.5591	0.0000	1.1407	0.9615	0.9091
50	1475	1.5601	1.5659	0.0000	1.1355	0.9657	0.9066
50	1476	1.6050	1.5734	0.0000	1.1300	0.9666	0.9047
50	1477	1.6491	1.5788	0.0000	1.1260	0.9656	0.9025
50	1478	1.6931	1.5813	0.0000	1.1268	0.9616	0.9013
50	1479	1.7366	1.5812	0.0000	1.1368	0.9559	0.9009
50	1480	1.7802	1.5789	0.0000	1.1550	0.9500	0.9009
50	1481	1.8248	1.5760	0.0000	1.1860	0.9433	0.9011
50	1482	1.8710	1.5716	0.0000	1.2265	0.9358	0.9014
50	1483	1.9190	1.5664	0.0000	1.2735	0.9272	0.9020
50	1484	1.9693	1.5593	0.0000	1.3185	0.9160	0.9038
50	1485	2.0221	1.5520	0.0000	1.3555	0.9018	0.9065
50	1486	2.0794	1.5456	0.0000	1.3785	0.8829	0.9104
50	1487	2.1397	1.5394	0.0000	1.3848	0.8620	0.9152
50	1488	2.2025	1.5347	0.0000	1.3753	0.8392	0.9203
50	1489	2.2640	1.5314	0.0000	1.3572	0.8168	0.9254
50	1490	2.3224	1.5301	0.0000	1.3250	0.7965	0.9292
51	1492	1.0562	1.5222	0.0000	1.1515	1.3687	0.8394
51	1493	1.0995	1.5262	0.0000	1.1352	1.3696	0.8409
51	1494	1.1432	1.5268	0.0000	1.1233	1.3690	0.8421
51	1495	1.1876	1.5241	0.0000	1.1227	1.3645	0.8431
51	1496	1.2320	1.5191	0.0000	1.1277	1.3589	0.8438
51	1497	1.2770	1.5123	0.0000	1.1365	1.3519	0.8443
51	1498	1.3227	1.5032	0.0000	1.1520	1.3433	0.8446
51	1499	1.3689	1.4940	0.0000	1.1638	1.3333	0.8452
51	1500	1.4157	1.4866	0.0000	1.1695	1.3232	0.8456
51	1501	1.4627	1.4815	0.0000	1.1683	1.3136	0.8461
51	1502	1.5108	1.4801	0.0000	1.1597	1.3036	0.8468
51	1503	1.5603	1.4846	0.0000	1.1495	1.2922	0.8479
51	1504	1.6087	1.4939	0.0000	1.1370	1.2829	0.8485
51	1505	1.6554	1.5044	0.0000	1.1252	1.2765	0.8488
51	1506	1.6993	1.5124	0.0000	1.1163	1.2725	0.8494
51	1507	1.7409	1.5175	0.0000	1.1087	1.2702	0.8508
51	1508	1.7825	1.5180	0.0000	1.1005	1.2669	0.8526
51	1509	1.8237	1.5153	0.0000	1.1005	1.2623	0.8547
51	1510	1.8658	1.5102	0.0000	1.1092	1.2566	0.8569
52	1514	0.9582	1.6272	0.0000	1.1207	1.0907	0.9831
52	1515	1.0033	1.6229	0.0000	1.1362	1.0958	0.9788
52	1516	1.0493	1.6155	0.0000	1.1505	1.1005	0.9751
52	1517	1.0965	1.6061	0.0000	1.1590	1.1057	0.9712
52	1518	1.1450	1.5970	0.0000	1.1612	1.1103	0.9678
52	1519	1.1943	1.5904	0.0000	1.1580	1.1130	0.9658
52	1520	1.2428	1.5874	0.0000	1.1502	1.1120	0.9669
52	1521	1.2900	1.5897	0.0000	1.1375	1.1078	0.9698
52	1522	1.3354	1.5939	0.0000	1.1167	1.1014	0.9734
52	1523	1.3789	1.5983	0.0000	1.0873	1.0954	0.9774
52	1524	1.4214	1.6028	0.0000	1.0587	1.0897	0.9804
52	1525	1.4634	1.6072	0.0000	1.0368	1.0846	0.9830
52	1526	1.5043	1.6096	0.0000	1.0245	1.0812	0.9848
52	1527	1.5432	1.6089	0.0000	1.0225	1.0801	0.9863
52	1528	1.5799	1.6057	0.0000	1.0320	1.0808	0.9884
52	1529	1.6178	1.6005	0.0000	1.0475	1.0808	0.9906
52	1530	1.6575	1.5936	0.0000	1.0697	1.0796	0.9928
52	1531	1.6998	1.5857	0.0000	1.0955	1.0760	0.9953
52	1532	1.7444	1.5787	0.0000	1.1213	1.0699	0.9990
52	1533	1.7917	1.5737	0.0000	1.1478	1.0610	1.0026
52	1534	1.8404	1.5710	0.0000	1.1680	1.0500	1.0080
52	1535	1.8913	1.5730	0.0000	1.1830	1.0360	1.0137
52	1536	1.9425	1.5777	0.0000	1.1912	1.0197	1.0192
52	1537	1.9917	1.5826	0.0000	1.1935	1.0046	1.0245
52	1538	2.0390	1.5881	0.0000	1.1877	0.9908	1.0302
52	1539	2.0850	1.5935	0.0000	1.1773	0.9777	1.0362
53	1540	1.1750	1.6740	0.0000	1.1055	0.9557	0.9445
52	1540	2.1307	1.5984	0.0000	1.1587	0.9658	1.0409
53	1541	1.2178	1.6769	0.0000	1.1055	0.9585	0.9403
52	1541	2.1763	1.6014	0.0000	1.1355	0.9543	1.0456
53	1542	1.2609	1.6766	0.0000	1.1112	0.9609	0.9365
53	1543	1.3054	1.6731	0.0000	1.1185	0.9614	0.9331
53	1544	1.3501	1.6667	0.0000	1.1250	0.9612	0.9299
53	1545	1.3966	1.6584	0.0000	1.1310	0.9582	0.9272
53	1546	1.4420	1.6505	0.0000	1.1342	0.9547	0.9259
53	1547	1.4886	1.6436	0.0000	1.1303	0.9494	0.9250
53	1548	1.5359	1.6395	0.0000	1.1195	0.9432	0.9248
53	1549	1.5826	1.6389	0.0000	1.1075	0.9374	0.9249
53	1550	1.6274	1.6405	0.0000	1.0885	0.9340	0.9251
53	1551	1.6715	1.6434	0.0000	1.0737	0.9304	0.9258
53	1552	1.7130	1.6485	0.0000	1.0595	0.9276	0.9274
53	1553	1.7532	1.6547	0.0000	1.0442	0.9254	0.9292
53	1554	1.7931	1.6600	0.0000	1.0342	0.9231	0.9317
53	1555	1.8320	1.6639	0.0000	1.0307	0.9213	0.9347
53	1556	1.8715	1.6648	0.0000	1.0320	0.9190	0.9379
53	1557	1.9124	1.6624	0.0000	1.0457	0.9155	0.9419
53	1558	1.9536	1.6571	0.0000	1.0635	0.9119	0.9466
53	1559	1.9963	1.6508	0.0000	1.0765	0.9079	0.9511
53	1560	2.0397	1.6450	0.0000	1.0873	0.9040	0.9553
53	1561	2.0843	1.6429	0.0000	1.0950	0.9004	0.9579
53	1562	2.1313	1.6423	0.0000	1.0960	0.8961	0.9591
53	1563	2.1786	1.6463	0.0000	1.0935	0.8919	0.9597
53	1564	2.2237	1.6498	0.0000	1.0880	0.8905	0.9599
54	1570	1.2996	1.6183	0.0000	1.1627	1.1718	0.8173
54	1571	1.3464	1.6125	0.0000	1.1735	1.1657	0.8161
54	1572	1.3939	1.6089	0.0000	1.1838	1.1594	0.8151
54	1573	1.4419	1.6084	0.0000	1.1880	1.1515	0.8146
54	1574	1.4908	1.6130	0.0000	1.1860	1.1420	0.8144
54	1575	1.5390	1.6172	0.0000	1.1802	1.1329	0.8145
54	1576	1.5867	1.6211	0.0000	1.1740	1.1231	0.8154
54	1577	1.6346	1.6270	0.0000	1.1653	1.1129	0.8166
54	1578	1.6820	1.6310	0.0000	1.1585	1.1019	0.8188
54	1579	1.7276	1.6348	0.0000	1.1463	1.0924	0.8216
54	1580	1.7717	1.6352	0.0000	1.1355	1.0833	0.8248
54	1581	1.8160	1.6345	0.0000	1.1250	1.0731	0.8281
54	1582	1.8600	1.6308	0.0000	1.1117	1.0614	0.8324
54	1583	1.9053	1.6266	0.0000	1.1015	1.0483	0.8371
54	1584	1.9493	1.6197	0.0000	1.0897	1.0374	0.8408
54	1585	1.9932	1.6130	0.0000	1.0825	1.0274	0.8451
54	1586	2.0367	1.6078	0.0000	1.0755	1.0185	0.8493
54	1587	2.0793	1.6054	0.0000	1.0690	1.0116	0.8538
54	1588	2.1226	1.6077	0.0000	1.0565	1.0052	0.8581
55	1594	1.0901	1.6111	0.0000	1.1625	1.2773	0.8450
55	1595	1.1356	1.6201	0.0000	1.1485	1.2711	0.8455
55	1596	1.1799	1.6283	0.0000	1.1350	1.2666	0.8463
55	1597	1.2241	1.6366	0.0000	1.1270	1.2628	0.8473
55	1598	1.2682	1.6430	0.0000	1.1218	1.2608	0.8482
55	1599	1.3114	1.6450	0.0000	1.1225	1.2610	0.8488
55	1600	1.3559	1.6439	0.0000	1.1280	1.2604	0.8494
55	1601	1.4002	1.6393	0.0000	1.1435	1.2601	0.8499
55	1602	1.4457	1.6327	0.0000	1.1587	1.2595	0.8495
55	1603	1.4918	1.6245	0.0000	1.1780	1.2568	0.8494
55	1604	1.5391	1.6164	0.0000	1.1965	1.2511	0.8503
55	1605	1.5868	1.6093	0.0000	1.2127	1.2431	0.8511
55	1606	1.6373	1.6053	0.0000	1.2270	1.2313	0.8533
55	1607	1.6876	1.6073	0.0000	1.2345	1.2179	0.8558
55	1608	1.7394	1.6182	0.0000	1.2395	1.2021	0.8594
55	1609	1.7900	1.6308	0.0000	1.2423	1.1863	0.8637
55	1610	1.8410	1.6410	0.0000	1.2417	1.1706	0.8682
55	1611	1.8910	1.6497	0.0000	1.2345	1.1549	0.8736
55	1612	1.9395	1.6566	0.0000	1.2270	1.1396	0.8795
55	1613	1.9876	1.6603	0.0000	1.2135	1.1233	0.8862
56	1618	1.0931	1.6847	0.0000	1.1532	1.1317	0.9006
56	1619	1.1386	1.6905	0.0000	1.1395	1.1316	0.8973
56	1620	1.1843	1.6945	0.0000	1.1295	1.1292	0.8952
56	1621	1.2281	1.6948	0.0000	1.1225	1.1269	0.8941
56	1622	1.2717	1.6911	0.0000	1.1160	1.1245	0.8932
56	1623	1.3154	1.6842	0.0000	1.1108	1.1208	0.8930
56	1624	1.3598	1.6744	0.0000	1.1052	1.1155	0.8934
56	1625	1.4041	1.6625	0.0000	1.0980	1.1092	0.8949
56	1626	1.4492	1.6516	0.0000	1.0973	1.1022	0.8963
56	1627	1.4930	1.6418	0.0000	1.0938	1.0968	0.8980
56	1628	1.5374	1.6381	0.0000	1.0930	1.0911	0.9002
56	1629	1.5807	1.6403	0.0000	1.0880	1.0854	0.9033
56	1630	1.6235	1.6457	0.0000	1.0840	1.0803	0.9068
56	1631	1.6670	1.6537	0.0000	1.0795	1.0749	0.9103
56	1632	1.7092	1.6608	0.0000	1.0772	1.0715	0.9138
56	1633	1.7526	1.6672	0.0000	1.0740	1.0672	0.9171
56	1634	1.7950	1.6695	0.0000	1.0763	1.0663	0.9194
56	1635	1.8377	1.6683	0.0000	1.0803	1.0670	0.9207
56	1636	1.8810	1.6643	0.0000	1.0830	1.0680	0.9216
56	1637	1.9239	1.6572	0.0000	1.0920	1.0705	0.9214
56	1638	1.9670	1.6487	0.0000	1.0970	1.0727	0.9209
56	1639	2.0112	1.6396	0.0000	1.1018	1.0710	0.9211
56	1640	2.0556	1.6309	0.0000	1.1023	1.0671	0.9216
57	1648	1.2741	1.5795	0.0000	1.0623	1.1240	0.8354
57	1649	1.3170	1.5739	0.0000	1.0797	1.1186	0.8356
57	1650	1.3612	1.5654	0.0000	1.1002	1.1107	0.8361
57	1651	1.4063	1.5557	0.0000	1.1192	1.1030	0.8363
57	1652	1.4527	1.5478	0.0000	1.1365	1.0934	0.8368
57	1653	1.4997	1.5427	0.0000	1.1502	1.0839	0.8367
57	1654	1.5469	1.5442	0.0000	1.1583	1.0739	0.8368
57	1655	1.5944	1.5503	0.0000	1.1600	1.0641	0.8369
57	1656	1.6410	1.5560	0.0000	1.1595	1.0543	0.8378
57	1657	1.6876	1.5651	0.0000	1.1547	1.0448	0.8389
57	1658	1.7342	1.5702	0.0000	1.1482	1.0344	0.8410
57	1659	1.7803	1.5752	0.0000	1.1403	1.0236	0.8437
57	1660	1.8252	1.5776	0.0000	1.1307	1.0134	0.8474
57	1661	1.8701	1.5788	0.0000	1.1220	1.0037	0.8516
57	1662	1.9146	1.5768	0.0000	1.1102	0.9941	0.8564
57	1663	1.9590	1.5732	0.0000	1.0970	0.9856	0.8601
57	1664	2.0030	1.5670	0.0000	1.0820	0.9781	0.8635
57	1665	2.0467	1.5593	0.0000	1.0673	0.9715	0.8660
57	1666	2.0898	1.5507	0.0000	1.0500	0.9661	0.8675
57	1667	2.1317	1.5437	0.0000	1.0340	0.9618	0.8682
57	1668	2.1730	1.5389	0.0000	1.0190	0.9579	0.8691
58	1677	1.2039	1.5596	0.0000	1.1100	1.3173	0.7942
58	1678	1.2504	1.5672	0.0000	1.1092	1.3117	0.7940
58	1679	1.2968	1.5783	0.0000	1.1087	1.3078	0.7928
58	1680	1.3420	1.5892	0.0000	1.1012	1.3068	0.7912
58	1681	1.3856	1.5988	0.0000	1.0928	1.3082	0.7894
58	1682	1.4283	1.6080	0.0000	1.0840	1.3113	0.7876
58	1683	1.4697	1.6143	0.0000	1.0792	1.3162	0.7860
58	1684	1.5114	1.6178	0.0000	1.0758	1.3210	0.7845
58	1685	1.5527	1.6169	0.0000	1.0782	1.3263	0.7835
58	1686	1.5946	1.6132	0.0000	1.0865	1.3293	0.7831
58	1687	1.6375	1.6066	0.0000	1.0965	1.3291	0.7839
58	1688	1.6821	1.5983	0.0000	1.1110	1.3250	0.7858
58	1689	1.7271	1.5876	0.0000	1.1235	1.3174	0.7888
58	1690	1.7733	1.5782	0.0000	1.1322	1.3049	0.7931
58	1691	1.8202	1.5713	0.0000	1.1380	1.2891	0.7981
58	1692	1.8669	1.5677	0.0000	1.1380	1.2722	0.8040
