#id	fr	x	y	z	velocity	headway	rho
36	1001	0.9049	1.6992	0.0000	0.7820	0.8592	1.1391
35	1001	1.7641	1.7430	0.0000	0.6545	0.7831	1.2178
36	1002	0.9348	1.6975	0.0000	0.7742	0.8564	1.1349
35	1002	1.7912	1.7459	0.0000	0.6732	0.7804	1.2219
36	1003	0.9650	1.6970	0.0000	0.7687	0.8556	1.1296
35	1003	1.8206	1.7477	0.0000	0.6888	0.7730	1.2280
36	1004	0.9951	1.6976	0.0000	0.7632	0.8550	1.1247
35	1004	1.8501	1.7491	0.0000	0.6985	0.7655	1.2342
36	1005	1.0257	1.6983	0.0000	0.7600	0.8548	1.1193
35	1005	1.8805	1.7493	0.0000	0.6980	0.7565	1.2412
36	1006	1.0568	1.6985	0.0000	0.7570	0.8532	1.1153
35	1006	1.9100	1.7484	0.0000	0.6965	0.7491	1.2482
36	1007	1.0877	1.6975	0.0000	0.7553	0.8506	1.1119
35	1007	1.9383	1.7458	0.0000	0.6912	0.7427	1.2553
36	1008	1.1185	1.6961	0.0000	0.7523	0.8468	1.1098
35	1008	1.9653	1.7423	0.0000	0.6843	0.7393	1.2610
36	1009	1.1488	1.6946	0.0000	0.7505	0.8429	1.1080
35	1009	1.9917	1.7386	0.0000	0.6812	0.7378	1.2653
36	1010	1.1783	1.6924	0.0000	0.7475	0.8390	1.1074
35	1010	2.0173	1.7344	0.0000	0.6798	0.7392	1.2673
36	1011	1.2077	1.6908	0.0000	0.7430	0.8350	1.1080
35	1011	2.0427	1.7301	0.0000	0.6805	0.7420	1.2682
36	1012	1.2369	1.6899	0.0000	0.7398	0.8308	1.1100
35	1012	2.0677	1.7263	0.0000	0.6820	0.7477	1.2670
36	1013	1.2659	1.6910	0.0000	0.7380	0.8284	1.1117
35	1013	2.0943	1.7248	0.0000	0.6870	0.7538	1.2641
36	1014	1.2953	1.6959	0.0000	0.7370	0.8273	1.1136
35	1014	2.1226	1.7241	0.0000	0.6953	0.7602	1.2598
36	1015	1.3247	1.7003	0.0000	0.7383	0.8277	1.1162
35	1015	2.1524	1.7245	0.0000	0.6998	0.7678	1.2535
36	1016	1.3540	1.7021	0.0000	0.7382	0.8282	1.1200
35	1016	2.1822	1.7240	0.0000	0.7040	0.7773	1.2457
36	1017	1.3836	1.7032	0.0000	0.7392	0.8275	1.1249
35	1017	2.2111	1.7225	0.0000	0.7078	0.7880	1.2380
36	1018	1.4137	1.7031	0.0000	0.7393	0.8264	1.1306
35	1018	2.2401	1.7211	0.0000	0.7073	0.7988	1.2306
36	1019	1.4436	1.7030	0.0000	0.7383	0.8262	1.1357
35	1019	2.2698	1.7204	0.0000	0.7035	0.8090	1.2231
36	1020	1.4736	1.7040	0.0000	0.7358	0.8236	1.1412
35	1020	2.2972	1.7194	0.0000	0.6998	0.8167	1.2193
36	1021	1.5030	1.7048	0.0000	0.7342	0.8213	1.1475
36	1022	1.5326	1.7050	0.0000	0.7315	0.8182	1.1544
36	1023	1.5616	1.7047	0.0000	0.7270	0.8156	1.1585
36	1024	1.5906	1.7035	0.0000	0.7235	0.8134	1.1633
36	1025	1.6190	1.7008	0.0000	0.7198	0.8133	1.1662
36	1026	1.6477	1.6979	0.0000	0.7163	0.8139	1.1680
36	1027	1.6762	1.6936	0.0000	0.7112	0.8146	1.1673
36	1028	1.7045	1.6886	0.0000	0.7065	0.8162	1.1677
36	1029	1.7330	1.6884	0.0000	0.7012	0.8168	1.1680
36	1030	1.7615	1.6888	0.0000	0.6955	0.8183	1.1674
36	1031	1.7895	1.6878	0.0000	0.6885	0.8183	1.1684
36	1032	1.8171	1.6867	0.0000	0.6815	0.8188	1.1705
36	1033	1.8442	1.6857	0.0000	0.6758	0.8156	1.1749
36	1034	1.8711	1.6856	0.0000	0.6698	0.8134	1.1808
36	1035	1.8972	1.6867	0.0000	0.6657	0.8110	1.1885
36	1036	1.9231	1.6881	0.0000	0.6655	0.8095	1.1974
36	1037	1.9488	1.6892	0.0000	0.6683	0.8078	1.2062
36	1038	1.9748	1.6890	0.0000	0.6753	0.8035	1.2174
36	1039	2.0009	1.6879	0.0000	0.6862	0.7992	1.2268
36	1040	2.0278	1.6860	0.0000	0.6990	0.7938	1.2331
36	1041	2.0557	1.6839	0.0000	0.7092	0.7885	1.2359
36	1042	2.0844	1.6803	0.0000	0.7187	0.7830	1.2362
36	1043	2.1143	1.6784	0.0000	0.7250	0.7754	1.2398
36	1044	2.1456	1.6825	0.0000	0.7267	0.7659	1.2431
37	1045	1.3278	1.7612	0.0000	0.6483	0.8490	0.9283
36	1045	2.1768	1.6873	0.0000	0.7260	0.7570	1.2453
37	1046	1.3541	1.7597	0.0000	0.6517	0.8527	0.9274
36	1046	2.2068	1.6890	0.0000	0.7220	0.7486	1.2490
37	1047	1.3792	1.7561	0.0000	0.6655	0.8571	0.9270
36	1047	2.2363	1.6906	0.0000	0.7130	0.7402	1.2521
37	1048	1.4051	1.7506	0.0000	0.6725	0.8597	0.9270
36	1048	2.2648	1.6916	0.0000	0.7022	0.7316	1.2568
37	1049	1.4311	1.7451	0.0000	0.6812	0.8605	0.9278
36	1049	2.2916	1.6921	0.0000	0.6890	0.7257	1.2609
37	1050	1.4590	1.7398	0.0000	0.6853	0.8592	0.9287
36	1050	2.3182	1.6934	0.0000	0.6765	0.7214	1.2653
37	1051	1.4866	1.7363	0.0000	0.6853	0.8579	0.9306
36	1051	2.3445	1.6947	0.0000	0.6653	0.7185	1.2687
37	1052	1.5158	1.7350	0.0000	0.6867	0.8538	0.9354
36	1052	2.3696	1.6931	0.0000	0.6550	0.7176	1.2728
37	1053	1.5455	1.7362	0.0000	0.6848	0.8497	0.9446
36	1053	2.3952	1.6914	0.0000	0.6452	0.7163	1.2771
37	1054	1.5751	1.7383	0.0000	0.6825	0.8461	0.9546
36	1054	2.4212	1.6894	0.0000	0.6390	0.7153	1.2809
37	1055	1.6019	1.7408	0.0000	0.6777	0.8455	0.9655
37	1056	1.6282	1.7418	0.0000	0.6775	0.8447	0.9745
37	1057	1.6539	1.7416	0.0000	0.6680	0.8444	0.9815
37	1058	1.6790	1.7405	0.0000	0.6587	0.8439	0.9877
37	1059	1.7041	1.7388	0.0000	0.6505	0.8431	0.9931
37	1060	1.7301	1.7367	0.0000	0.6522	0.8414	0.9969
37	1061	1.7576	1.7346	0.0000	0.6625	0.8380	0.9996
37	1062	1.7830	1.7324	0.0000	0.6750	0.8362	1.0021
37	1063	1.8090	1.7305	0.0000	0.6903	0.8339	1.0045
37	1064	1.8353	1.7284	0.0000	0.7078	0.8314	1.0071
37	1065	1.8628	1.7257	0.0000	0.7213	0.8284	1.0098
37	1066	1.8932	1.7223	0.0000	0.7422	0.8237	1.0131
37	1067	1.9239	1.7189	0.0000	0.7650	0.8191	1.0187
37	1068	1.9551	1.7159	0.0000	0.7828	0.8135	1.0272
37	1069	1.9872	1.7133	0.0000	0.7967	0.8074	1.0347
37	1070	2.0186	1.7119	0.0000	0.8050	0.8016	1.0263
37	1071	2.0545	1.7121	0.0000	0.7997	0.7919	1.0306
37	1072	2.0890	1.7136	0.0000	0.7945	0.7842	1.0354
38	1073	0.9744	1.5784	0.0000	0.6623	1.1477	0.9482
37	1073	2.1221	1.7165	0.0000	0.7855	0.7780	1.0386
38	1074	1.0014	1.5810	0.0000	0.6085	1.1526	0.9452
37	1074	2.1540	1.7204	0.0000	0.7683	0.7739	1.0382
38	1075	1.0259	1.5862	0.0000	0.6290	1.1589	0.9431
37	1075	2.1848	1.7228	0.0000	0.7472	0.7711	1.0363
38	1076	1.0472	1.5937	0.0000	0.5913	1.1659	0.9420
37	1076	2.2131	1.7235	0.0000	0.7130	0.7699	1.0332
38	1077	1.0677	1.6014	0.0000	0.5510	1.1740	0.9415
37	1077	2.2417	1.7223	0.0000	0.6807	0.7674	1.0302
38	1078	1.0865	1.6090	0.0000	0.5217	1.1828	0.9422
37	1078	2.2693	1.7204	0.0000	0.6505	0.7654	1.0266
38	1079	1.1050	1.6160	0.0000	0.5085	1.1895	0.9442
37	1079	2.2945	1.7191	0.0000	0.6255	0.7654	1.0231
38	1080	1.1231	1.6220	0.0000	0.5057	1.1944	0.9477
37	1080	2.3175	1.7188	0.0000	0.6057	0.7668	1.0198
38	1081	1.1423	1.6267	0.0000	0.5130	1.1974	0.9518
37	1081	2.3397	1.7188	0.0000	0.5885	0.7686	1.0173
38	1082	1.1620	1.6300	0.0000	0.5255	1.1993	0.9566
37	1082	2.3613	1.7186	0.0000	0.5755	0.7707	1.0152
38	1083	1.1831	1.6317	0.0000	0.5460	1.1992	0.9618
38	1084	1.2048	1.6327	0.0000	0.5673	1.1994	0.9668
38	1085	1.2282	1.6323	0.0000	0.5905	1.1989	0.9712
38	1086	1.2524	1.6319	0.0000	0.6062	1.1961	0.9761
38	1087	1.2779	1.6312	0.0000	0.6158	1.1940	0.9796
38	1088	1.3049	1.6330	0.0000	0.6220	1.1892	0.9830
38	1089	1.3319	1.6382	0.0000	0.6287	1.1849	0.9858
38	1090	1.3593	1.6425	0.0000	0.6323	1.1811	0.9877
38	1091	1.3848	1.6481	0.0000	0.6312	1.1794	0.9895
38	1092	1.4083	1.6538	0.0000	0.6265	1.1803	0.9912
38	1093	1.4319	1.6579	0.0000	0.6175	1.1814	0.9931
38	1094	1.4563	1.6602	0.0000	0.6102	1.1819	0.9954
38	1095	1.4811	1.6618	0.0000	0.6057	1.1814	0.9984
38	1096	1.5049	1.6639	0.0000	0.6102	1.1811	1.0024
38	1097	1.5285	1.6656	0.0000	0.6217	1.1801	1.0070
38	1098	1.5519	1.6668	0.0000	0.6355	1.1801	1.0115
38	1099	1.5760	1.6666	0.0000	0.6488	1.1798	1.0157
38	1100	1.6016	1.6645	0.0000	0.6607	1.1771	1.0206
38	1101	1.6289	1.6604	0.0000	0.6730	1.1731	1.0247
39	1102	0.8803	1.6244	0.0000	0.7412	0.7767	1.2139
38	1102	1.6570	1.6555	0.0000	0.6822	1.1668	1.0291
39	1103	0.9092	1.6245	0.0000	0.7262	0.7769	1.2138
38	1103	1.6861	1.6503	0.0000	0.6853	1.1600	1.0326
39	1104	0.9377	1.6240	0.0000	0.7138	0.7781	1.2132
38	1104	1.7158	1.6458	0.0000	0.6845	1.1523	1.0361
39	1105	0.9653	1.6231	0.0000	0.6998	0.7801	1.2128
38	1105	1.7454	1.6441	0.0000	0.6795	1.1451	1.0389
39	1106	0.9926	1.6223	0.0000	0.6910	0.7815	1.2123
38	1106	1.7741	1.6450	0.0000	0.6710	1.1396	1.0411
39	1107	1.0191	1.6213	0.0000	0.6880	0.7823	1.2131
38	1107	1.8014	1.6468	0.0000	0.6593	1.1387	1.0411
39	1108	1.0453	1.6194	0.0000	0.6888	0.7807	1.2160
38	1108	1.8260	1.6494	0.0000	0.6438	1.1418	1.0403
39	1109	1.0722	1.6164	0.0000	0.6943	0.7776	1.2184
38	1109	1.8498	1.6513	0.0000	0.6222	1.1465	1.0394
39	1110	1.0989	1.6125	0.0000	0.7075	0.7745	1.2205
38	1110	1.8734	1.6518	0.0000	0.6035	1.1521	1.0381
39	1111	1.1267	1.6096	0.0000	0.7260	0.7706	1.2216
38	1111	1.8973	1.6513	0.0000	0.5882	1.1586	1.0367
39	1112	1.1555	1.6067	0.0000	0.7505	0.7652	1.2256
38	1112	1.9207	1.6503	0.0000	0.5788	1.1660	1.0356
39	1113	1.1847	1.6041	0.0000	0.7780	0.7589	1.2324
38	1113	1.9436	1.6491	0.0000	0.5768	1.1742	1.0346
39	1114	1.2154	1.6025	0.0000	0.8047	0.7493	1.2403
39	1115	1.2483	1.6032	0.0000	0.8310	0.7385	1.2463
39	1116	1.2830	1.6063	0.0000	0.8518	0.7264	1.2508
39	1117	1.3193	1.6118	0.0000	0.8675	0.7136	1.2530
39	1118	1.3565	1.6185	0.0000	0.8907	0.7002	1.2534
39	1119	1.3941	1.6256	0.0000	0.9020	0.6859	1.2542
39	1120	1.4313	1.6317	0.0000	0.9040	0.6696	1.2562
39	1121	1.4674	1.6367	0.0000	0.8960	0.6558	1.2571
39	1122	1.5025	1.6398	0.0000	0.8868	0.6452	1.2565
39	1123	1.5410	1.6451	0.0000	0.8618	0.6339	1.2543
39	1124	1.5762	1.6476	0.0000	0.8385	0.6285	1.2503
39	1125	1.6099	1.6483	0.0000	0.8080	0.6258	1.2460
39	1126	1.6414	1.6481	0.0000	0.7765	0.6249	1.2427
39	1127	1.6740	1.6473	0.0000	0.7472	0.6209	1.2416
39	1128	1.7012	1.6450	0.0000	0.7055	0.6193	1.2433
39	1129	1.7295	1.6426	0.0000	0.6730	0.6156	1.2468
39	1130	1.7545	1.6401	0.0000	0.6400	0.6147	1.2513
39	1131	1.7780	1.6377	0.0000	0.6095	0.6144	1.2570
39	1132	1.8014	1.6352	0.0000	0.5802	0.6127	1.2635
39	1133	1.8232	1.6319	0.0000	0.5595	0.6118	1.2705
39	1134	1.8454	1.6277	0.0000	0.5330	0.6108	1.2766
39	1135	1.8659	1.6225	0.0000	0.5152	0.6126	1.2812
40	1136	0.9454	1.5694	0.0000	0.7177	0.9398	1.0641
39	1136	1.8852	1.6174	0.0000	0.5010	0.6166	1.2850
40	1137	0.9737	1.5702	0.0000	0.7192	0.9324	1.0687
39	1137	1.9061	1.6142	0.0000	0.4875	0.6196	1.2887
40	1138	1.0021	1.5711	0.0000	0.7232	0.9229	1.0750
39	1138	1.9250	1.6130	0.0000	0.4743	0.6268	1.2906
40	1139	1.0307	1.5713	0.0000	0.7330	0.9120	1.0821
39	1139	1.9427	1.6150	0.0000	0.4580	0.6370	1.2912
40	1140	1.0594	1.5706	0.0000	0.7485	0.9012	1.0900
39	1140	1.9606	1.6187	0.0000	0.4502	0.6481	1.2909
40	1141	1.0884	1.5686	0.0000	0.7658	0.8900	1.0982
39	1141	1.9784	1.6221	0.0000	0.4510	0.6587	1.2914
40	1142	1.1189	1.5655	0.0000	0.7848	0.8775	1.1066
39	1142	1.9964	1.6238	0.0000	0.4528	0.6675	1.2945
40	1143	1.1501	1.5615	0.0000	0.8043	0.8628	1.1148
39	1143	2.0129	1.6233	0.0000	0.4645	0.6766	1.2992
40	1144	1.1827	1.5575	0.0000	0.8227	0.8459	1.1230
39	1144	2.0286	1.6215	0.0000	0.4818	0.6848	1.3066
40	1145	1.2169	1.5537	0.0000	0.8395	0.8291	1.1298
39	1145	2.0460	1.6194	0.0000	0.5058	0.6888	1.3176
40	1146	1.2517	1.5500	0.0000	0.8522	0.8139	1.1350
39	1146	2.0656	1.6172	0.0000	0.5320	0.6912	1.3288
40	1147	1.2876	1.5481	0.0000	0.8575	0.7996	1.1390
39	1147	2.0872	1.6148	0.0000	0.5607	0.6914	1.3414
40	1148	1.3238	1.5488	0.0000	0.8615	0.7870	1.1418
39	1148	2.1108	1.6122	0.0000	0.5895	0.6878	1.3561
40	1149	1.3598	1.5525	0.0000	0.8647	0.7756	1.1437
39	1149	2.1354	1.6092	0.0000	0.6250	0.6819	1.3722
40	1150	1.3952	1.5584	0.0000	0.8620	0.7677	1.1444
39	1150	2.1629	1.6063	0.0000	0.6560	0.6728	1.3884
40	1151	1.4293	1.5632	0.0000	0.8575	0.7619	1.1450
39	1151	2.1912	1.6029	0.0000	0.6865	0.6630	1.4036
40	1152	1.4619	1.5661	0.0000	0.8475	0.7588	1.1448
39	1152	2.2207	1.5999	0.0000	0.7117	0.6518	1.4178
40	1153	1.4947	1.5678	0.0000	0.8337	0.7540	1.1470
39	1153	2.2487	1.5969	0.0000	0.7343	0.6425	1.4322
40	1154	1.5286	1.5683	0.0000	0.8200	0.7500	1.1477
39	1154	2.2786	1.5953	0.0000	0.7522	0.6322	1.4470
40	1155	1.5617	1.5671	0.0000	0.8065	0.7467	1.1486
39	1155	2.3084	1.5951	0.0000	0.7630	0.6236	1.4595
41	1156	0.5981	1.6150	0.0000	0.7800	0.9966	1.2624
40	1156	1.5947	1.5645	0.0000	0.8000	0.7455	1.1480
39	1156	2.3402	1.5970	0.0000	0.7728	0.6162	1.4688
41	1157	0.6297	1.6114	0.0000	0.7863	0.9969	1.2545
40	1157	1.6266	1.5606	0.0000	0.7988	0.7453	1.1480
39	1157	2.3719	1.6013	0.0000	0.7908	0.6114	1.4742
41	1158	0.6609	1.6119	0.0000	0.7878	0.9964	1.2487
40	1158	1.6573	1.5570	0.0000	0.7985	0.7472	1.1471
39	1158	2.4045	1.6078	0.0000	0.7988	0.6070	1.4769
41	1159	0.6933	1.6160	0.0000	0.7892	0.9945	1.2439
40	1159	1.6878	1.5535	0.0000	0.7975	0.7485	1.1474
39	1159	2.4363	1.6157	0.0000	0.8020	0.6076	1.4748
41	1160	0.7251	1.6216	0.0000	0.7927	0.9927	1.2392
40	1160	1.7178	1.5503	0.0000	0.7992	0.7503	1.1474
39	1160	2.4681	1.6239	0.0000	0.7988	0.6102	1.4700
41	1161	0.7565	1.6271	0.0000	0.7948	0.9928	1.2339
40	1161	1.7493	1.5483	0.0000	0.8032	0.7510	1.1469
39	1161	2.5003	1.6303	0.0000	0.7870	0.6146	1.4646
41	1162	0.7882	1.6312	0.0000	0.7957	0.9932	1.2284
40	1162	1.7814	1.5466	0.0000	0.8080	0.7556	1.1436
41	1163	0.8201	1.6348	0.0000	0.7970	0.9940	1.2232
40	1163	1.8141	1.5450	0.0000	0.8132	0.7541	1.1441
41	1164	0.8517	1.6379	0.0000	0.7930	0.9959	1.2183
40	1164	1.8476	1.5438	0.0000	0.8133	0.7518	1.1444
41	1165	0.8843	1.6410	0.0000	0.7937	0.9971	1.2130
40	1165	1.8814	1.5443	0.0000	0.8098	0.7465	1.1471
41	1166	0.9160	1.6437	0.0000	0.7940	1.0000	1.2077
40	1166	1.9160	1.5469	0.0000	0.8007	0.7390	1.1501
41	1167	0.9480	1.6446	0.0000	0.7967	1.0018	1.2039
40	1167	1.9498	1.5510	0.0000	0.7880	0.7314	1.1539
41	1168	0.9797	1.6439	0.0000	0.7965	1.0029	1.2018
40	1168	1.9826	1.5542	0.0000	0.7702	0.7235	1.1585
41	1169	1.0105	1.6419	0.0000	0.8002	1.0026	1.2030
40	1169	2.0131	1.5563	0.0000	0.7505	0.7163	1.1635
41	1170	1.0426	1.6385	0.0000	0.8015	0.9991	1.2046
40	1170	2.0417	1.5569	0.0000	0.7265	0.7097	1.1704
41	1171	1.0741	1.6332	0.0000	0.8037	0.9955	1.2042
40	1171	2.0696	1.5571	0.0000	0.7012	0.6994	1.1800
41	1172	1.1069	1.6268	0.0000	0.8048	0.9897	1.2029
40	1172	2.0966	1.5571	0.0000	0.6757	0.6931	1.1885
41	1173	1.1387	1.6200	0.0000	0.8032	0.9835	1.2029
40	1173	2.1222	1.5565	0.0000	0.6518	0.6871	1.1972
41	1174	1.1718	1.6141	0.0000	0.8033	0.9760	1.2036
40	1174	2.1478	1.5556	0.0000	0.6310	0.6791	1.2084
41	1175	1.2049	1.6104	0.0000	0.7965	0.9671	1.2047
40	1175	2.1720	1.5536	0.0000	0.6147	0.6724	1.2199
41	1176	1.2375	1.6092	0.0000	0.7917	0.9590	1.2055
40	1176	2.1965	1.5512	0.0000	0.5993	0.6645	1.2319
41	1177	1.2699	1.6100	0.0000	0.7853	0.9502	1.2065
40	1177	2.2201	1.5475	0.0000	0.5863	0.6600	1.2421
41	1178	1.3010	1.6130	0.0000	0.7800	0.9423	1.2087
40	1178	2.2433	1.5432	0.0000	0.5765	0.6542	1.2527
41	1179	1.3318	1.6160	0.0000	0.7715	0.9337	1.2130
40	1179	2.2655	1.5383	0.0000	0.5657	0.6495	1.2633
41	1180	1.3612	1.6183	0.0000	0.7597	0.9264	1.2186
40	1180	2.2876	1.5337	0.0000	0.5580	0.6431	1.2743
41	1181	1.3908	1.6200	0.0000	0.7485	0.9185	1.2256
40	1181	2.3093	1.5293	0.0000	0.5468	0.6416	1.2820
41	1182	1.4210	1.6220	0.0000	0.7365	0.9101	1.2328
40	1182	2.3311	1.5261	0.0000	0.5365	0.6386	1.2914
41	1183	1.4507	1.6238	0.0000	0.7280	0.9021	1.2401
40	1183	2.3528	1.5253	0.0000	0.5268	0.6360	1.3003
41	1184	1.4804	1.6240	0.0000	0.7195	0.8937	1.2466
40	1184	2.3741	1.5271	0.0000	0.5202	0.6319	1.3110
41	1185	1.5088	1.6234	0.0000	0.7162	0.8864	1.2532
40	1185	2.3952	1.5300	0.0000	0.5153	0.6277	1.3209
41	1186	1.5369	1.6221	0.0000	0.7105	0.8783	1.2610
40	1186	2.4152	1.5313	0.0000	0.5120	0.6262	1.3293
41	1187	1.5645	1.6193	0.0000	0.7027	0.8702	1.2695
40	1187	2.4347	1.5313	0.0000	0.5095	0.6246	1.3380
41	1188	1.5922	1.6165	0.0000	0.6925	0.8618	1.2758
40	1188	2.4540	1.5309	0.0000	0.5080	0.6222	1.3477
42	1189	0.9129	1.6518	0.0000	0.7027	0.7067	1.2384
41	1189	1.6196	1.6134	0.0000	0.6823	0.8540	1.2815
40	1189	2.4736	1.5305	0.0000	0.5090	0.6213	1.3557
42	1190	0.9402	1.6523	0.0000	0.6977	0.7075	1.2377
41	1190	1.6477	1.6094	0.0000	0.6745	0.8460	1.2874
40	1190	2.4937	1.5301	0.0000	0.5130	0.6210	1.3633
42	1191	0.9680	1.6526	0.0000	0.6973	0.7070	1.2367
41	1191	1.6750	1.6058	0.0000	0.6678	0.8391	1.2936
40	1191	2.5141	1.5296	0.0000	0.5207	0.6204	1.3703
42	1192	0.9960	1.6530	0.0000	0.6943	0.7061	1.2350
41	1192	1.7021	1.6020	0.0000	0.6638	0.8328	1.2996
42	1193	1.0233	1.6530	0.0000	0.7032	0.7044	1.2344
41	1193	1.7277	1.5997	0.0000	0.6622	0.8283	1.3049
42	1194	1.0509	1.6525	0.0000	0.7082	0.7024	1.2339
41	1194	1.7533	1.5997	0.0000	0.6650	0.8244	1.3099
42	1195	1.0784	1.6512	0.0000	0.7080	0.7002	1.2338
41	1195	1.7786	1.6010	0.0000	0.6712	0.8218	1.3141
42	1196	1.1081	1.6496	0.0000	0.7050	0.6959	1.2339
41	1196	1.8040	1.6043	0.0000	0.6825	0.8195	1.3198
42	1197	1.1370	1.6468	0.0000	0.7053	0.6930	1.2347
41	1197	1.8300	1.6069	0.0000	0.6933	0.8178	1.3238
42	1198	1.1676	1.6444	0.0000	0.7080	0.6895	1.2353
41	1198	1.8571	1.6080	0.0000	0.7040	0.8159	1.3286
42	1199	1.1962	1.6403	0.0000	0.7070	0.6894	1.2345
41	1199	1.8856	1.6089	0.0000	0.7087	0.8135	1.3308
42	1200	1.2234	1.6355	0.0000	0.7017	0.6928	1.2331
41	1200	1.9162	1.6092	0.0000	0.7117	0.8101	1.3308
42	1201	1.2500	1.6310	0.0000	0.6880	0.6980	1.2315
41	1201	1.9480	1.6094	0.0000	0.7097	0.8070	1.3289
42	1202	1.2781	1.6294	0.0000	0.6780	0.7013	1.2303
41	1202	1.9794	1.6097	0.0000	0.7025	0.8068	1.3262
42	1203	1.3065	1.6307	0.0000	0.6615	0.7028	1.2315
41	1203	2.0093	1.6077	0.0000	0.6907	0.8095	1.3225
42	1204	1.3337	1.6338	0.0000	0.6485	0.7031	1.2357
41	1204	2.0368	1.6053	0.0000	0.6745	0.8136	1.3187
42	1205	1.3591	1.6359	0.0000	0.6375	0.7042	1.2387
41	1205	2.0633	1.6026	0.0000	0.6502	0.8167	1.3150
42	1206	1.3833	1.6373	0.0000	0.6265	0.7046	1.2432
41	1206	2.0879	1.5998	0.0000	0.6225	0.8189	1.3128
42	1207	1.4082	1.6387	0.0000	0.6125	0.7028	1.2490
41	1207	2.1110	1.5966	0.0000	0.5965	0.8218	1.3118
42	1208	1.4322	1.6400	0.0000	0.5985	0.7012	1.2568
41	1208	2.1334	1.5927	0.0000	0.5752	0.8238	1.3115
42	1209	1.4556	1.6410	0.0000	0.5867	0.6998	1.2653
41	1209	2.1554	1.5882	0.0000	0.5622	0.8245	1.3121
42	1210	1.4784	1.6413	0.0000	0.5818	0.6979	1.2749
41	1210	2.1763	1.5837	0.0000	0.5510	0.8257	1.3127
42	1211	1.5006	1.6409	0.0000	0.5815	0.6964	1.2850
41	1211	2.1970	1.5810	0.0000	0.5455	0.8253	1.3143
42	1212	1.5231	1.6401	0.0000	0.5797	0.6949	1.2951
41	1212	2.2180	1.5796	0.0000	0.5450	0.8254	1.3155
42	1213	1.5459	1.6394	0.0000	0.5818	0.6935	1.3049
41	1213	2.2394	1.5811	0.0000	0.5500	0.8249	1.3172
42	1214	1.5684	1.6382	0.0000	0.5838	0.6933	1.3149
41	1214	2.2617	1.5832	0.0000	0.5545	0.8237	1.3184
42	1215	1.5918	1.6367	0.0000	0.5907	0.6919	1.3236
41	1215	2.2837	1.5852	0.0000	0.5600	0.8222	1.3209
42	1216	1.6159	1.6355	0.0000	0.5990	0.6902	1.3319
41	1216	2.3061	1.5857	0.0000	0.5657	0.8202	1.3242
42	1217	1.6401	1.6338	0.0000	0.6078	0.6889	1.3386
42	1218	1.6649	1.6325	0.0000	0.6115	0.6885	1.3433
43	1219	0.8942	1.6221	0.0000	0.7045	0.7949	1.1898
42	1219	1.6891	1.6308	0.0000	0.6130	0.6881	1.3486
43	1220	0.9222	1.6266	0.0000	0.6845	0.7925	1.1945
42	1220	1.7147	1.6312	0.0000	0.6127	0.6856	1.3531
43	1221	0.9484	1.6312	0.0000	0.6645	0.7918	1.1986
42	1221	1.7402	1.6344	0.0000	0.6108	0.6831	1.3560
43	1222	0.9738	1.6360	0.0000	0.6483	0.7924	1.2025
42	1222	1.7662	1.6398	0.0000	0.6080	0.6802	1.3581
43	1223	0.9983	1.6403	0.0000	0.6338	0.7922	1.2063
42	1223	1.7905	1.6442	0.0000	0.6012	0.6792	1.3592
43	1224	1.0225	1.6438	0.0000	0.6210	0.7911	1.2107
42	1224	1.8136	1.6461	0.0000	0.5938	0.6807	1.3589
43	1225	1.0465	1.6457	0.0000	0.6140	0.7904	1.2142
42	1225	1.8369	1.6466	0.0000	0.5815	0.6833	1.3571
43	1226	1.0703	1.6466	0.0000	0.6137	0.7899	1.2172
42	1226	1.8602	1.6464	0.0000	0.5707	0.6873	1.3539
43	1227	1.0942	1.6463	0.0000	0.6135	0.7891	1.2205
42	1227	1.8833	1.6465	0.0000	0.5593	0.6926	1.3498
43	1228	1.1180	1.6449	0.0000	0.6123	0.7874	1.2248
42	1228	1.9054	1.6468	0.0000	0.5528	0.6992	1.3454
43	1229	1.1426	1.6439	0.0000	0.6145	0.7840	1.2299
42	1229	1.9266	1.6471	0.0000	0.5502	0.7072	1.3412
43	1230	1.1678	1.6420	0.0000	0.6190	0.7795	1.2357
42	1230	1.9473	1.6470	0.0000	0.5455	0.7156	1.3377
43	1231	1.1939	1.6403	0.0000	0.6250	0.7746	1.2419
42	1231	1.9685	1.6467	0.0000	0.5395	0.7245	1.3341
43	1232	1.2192	1.6387	0.0000	0.6345	0.7707	1.2480
42	1232	1.9899	1.6457	0.0000	0.5313	0.7349	1.3284
43	1233	1.2432	1.6380	0.0000	0.6417	0.7684	1.2549
42	1233	2.0116	1.6443	0.0000	0.5230	0.7457	1.3209
43	1234	1.2683	1.6385	0.0000	0.6455	0.7654	1.2611
42	1234	2.0337	1.6429	0.0000	0.5155	0.7565	1.3141
43	1235	1.2941	1.6405	0.0000	0.6488	0.7610	1.2680
42	1235	2.0551	1.6409	0.0000	0.5082	0.7667	1.3092
43	1236	1.3203	1.6447	0.0000	0.6465	0.7557	1.2748
42	1236	2.0760	1.6388	0.0000	0.5003	0.7759	1.3058
43	1237	1.3480	1.6504	0.0000	0.6462	0.7478	1.2832
42	1237	2.0958	1.6368	0.0000	0.4930	0.7839	1.3057
43	1238	1.3747	1.6553	0.0000	0.6445	0.7399	1.2918
42	1238	2.1146	1.6349	0.0000	0.4858	0.7920	1.3056
43	1239	1.4008	1.6595	0.0000	0.6383	0.7320	1.3004
42	1239	2.1328	1.6348	0.0000	0.4765	0.7994	1.3060
43	1240	1.4273	1.6631	0.0000	0.6285	0.7233	1.3092
42	1240	2.1506	1.6361	0.0000	0.4710	0.8057	1.3080
43	1241	1.4525	1.6666	0.0000	0.6198	0.7161	1.3171
42	1241	2.1686	1.6380	0.0000	0.4683	0.8095	1.3110
43	1242	1.4777	1.6692	0.0000	0.6057	0.7094	1.3242
42	1242	2.1871	1.6392	0.0000	0.4683	0.8100	1.3163
43	1243	1.5010	1.6716	0.0000	0.5933	0.7049	1.3311
42	1243	2.2059	1.6388	0.0000	0.4692	0.8101	1.3201
44	1244	0.7303	1.7074	0.0000	0.6662	0.7933	1.3374
43	1244	1.5236	1.6727	0.0000	0.5820	0.7007	1.3387
42	1244	2.2243	1.6374	0.0000	0.4715	0.8110	1.3230
44	1245	0.7561	1.7084	0.0000	0.6625	0.7894	1.3440
43	1245	1.5455	1.6729	0.0000	0.5675	0.6980	1.3446
42	1245	2.2435	1.6359	0.0000	0.4755	0.8114	1.3250
44	1246	0.7824	1.7091	0.0000	0.6620	0.7858	1.3504
43	1246	1.5682	1.6725	0.0000	0.5548	0.6951	1.3505
42	1246	2.2633	1.6356	0.0000	0.4827	0.8118	1.3272
44	1247	0.8083	1.7080	0.0000	0.6630	0.7820	1.3561
43	1247	1.5903	1.6707	0.0000	0.5393	0.6928	1.3561
42	1247	2.2831	1.6361	0.0000	0.4912	0.8119	1.3292
44	1248	0.8343	1.7056	0.0000	0.6648	0.7777	1.3630
43	1248	1.6120	1.6680	0.0000	0.5268	0.6903	1.3624
42	1248	2.3023	1.6363	0.0000	0.4990	0.8130	1.3304
44	1249	0.8613	1.7018	0.0000	0.6630	0.7723	1.3695
43	1249	1.6336	1.6645	0.0000	0.5133	0.6878	1.3698
42	1249	2.3214	1.6360	0.0000	0.5090	0.8132	1.3324
44	1250	0.8880	1.6965	0.0000	0.6660	0.7663	1.3760
43	1250	1.6543	1.6605	0.0000	0.5012	0.6865	1.3767
44	1251	0.9149	1.6910	0.0000	0.6635	0.7595	1.3836
43	1251	1.6744	1.6558	0.0000	0.4907	0.6873	1.3824
44	1252	0.9420	1.6842	0.0000	0.6615	0.7514	1.3922
43	1252	1.6934	1.6509	0.0000	0.4790	0.6902	1.3873
44	1253	0.9693	1.6777	0.0000	0.6532	0.7424	1.4011
43	1253	1.7117	1.6462	0.0000	0.4717	0.6938	1.3926
44	1254	0.9955	1.6742	0.0000	0.6415	0.7334	1.4132
43	1254	1.7289	1.6435	0.0000	0.4688	0.6990	1.3963
44	1255	1.0225	1.6745	0.0000	0.6295	0.7235	1.4261
43	1255	1.7460	1.6438	0.0000	0.4695	0.7048	1.4003
44	1256	1.0478	1.6791	0.0000	0.6152	0.7167	1.4371
43	1256	1.7645	1.6451	0.0000	0.4752	0.7097	1.4021
44	1257	1.0729	1.6833	0.0000	0.6033	0.7090	1.4501
43	1257	1.7819	1.6454	0.0000	0.4862	0.7162	1.4033
44	1258	1.0956	1.6855	0.0000	0.5900	0.7051	1.4632
43	1258	1.8007	1.6447	0.0000	0.4978	0.7215	1.4019
44	1259	1.1179	1.6860	0.0000	0.5793	0.7032	1.4728
43	1259	1.8211	1.6428	0.0000	0.5132	0.7253	1.4001
44	1260	1.1398	1.6859	0.0000	0.5668	0.7023	1.4832
43	1260	1.8421	1.6404	0.0000	0.5240	0.7271	1.3992
44	1261	1.1610	1.6856	0.0000	0.5610	0.7035	1.4911
43	1261	1.8645	1.6381	0.0000	0.5330	0.7267	1.3984
44	1262	1.1833	1.6857	0.0000	0.5560	0.7046	1.4943
43	1262	1.8879	1.6350	0.0000	0.5455	0.7260	1.3980
44	1263	1.2053	1.6846	0.0000	0.5573	0.7055	1.4971
43	1263	1.9108	1.6322	0.0000	0.5565	0.7260	1.3971
44	1264	1.2272	1.6825	0.0000	0.5660	0.7070	1.4997
43	1264	1.9342	1.6292	0.0000	0.5645	0.7260	1.3957
44	1265	1.2492	1.6803	0.0000	0.5773	0.7064	1.5030
43	1265	1.9556	1.6270	0.0000	0.5725	0.7275	1.3948
44	1266	1.2722	1.6785	0.0000	0.5893	0.7055	1.5049
43	1266	1.9777	1.6245	0.0000	0.5805	0.7275	1.3957
44	1267	1.2953	1.6774	0.0000	0.6017	0.7048	1.5069
43	1267	2.0001	1.6222	0.0000	0.5895	0.7275	1.3964
44	1268	1.3185	1.6761	0.0000	0.6165	0.7048	1.5056
43	1268	2.0233	1.6196	0.0000	0.6012	0.7275	1.3964
44	1269	1.3443	1.6752	0.0000	0.6337	0.7026	1.5034
43	1269	2.0469	1.6180	0.0000	0.6083	0.7272	1.3988
44	1270	1.3707	1.6738	0.0000	0.6510	0.7004	1.5022
43	1270	2.0711	1.6166	0.0000	0.6170	0.7276	1.4006
44	1271	1.3967	1.6719	0.0000	0.6653	0.7000	1.4991
43	1271	2.0967	1.6166	0.0000	0.6237	0.7266	1.4019
44	1272	1.4240	1.6698	0.0000	0.6753	0.6997	1.4964
43	1272	2.1237	1.6196	0.0000	0.6280	0.7239	1.4049
44	1273	1.4519	1.6701	0.0000	0.6798	0.6994	1.4933
43	1273	2.1513	1.6229	0.0000	0.6280	0.7198	1.4092
45	1274	0.8383	1.7150	0.0000	0.5940	0.6424	1.3727
44	1274	1.4807	1.6720	0.0000	0.6753	0.6968	1.4934
43	1274	2.1775	1.6242	0.0000	0.6260	0.7158	1.4158
45	1275	0.8630	1.7158	0.0000	0.5930	0.6466	1.3702
44	1275	1.5096	1.6764	0.0000	0.6693	0.6928	1.4932
43	1275	2.2024	1.6246	0.0000	0.6198	0.7121	1.4236
45	1276	0.8860	1.7161	0.0000	0.5903	0.6523	1.3679
44	1276	1.5383	1.6825	0.0000	0.6625	0.6889	1.4912
43	1276	2.2272	1.6242	0.0000	0.6098	0.7072	1.4326
45	1277	0.9092	1.7158	0.0000	0.5835	0.6562	1.3668
44	1277	1.5654	1.6885	0.0000	0.6513	0.6859	1.4902
43	1277	2.2513	1.6236	0.0000	0.5983	0.7022	1.4408
45	1278	0.9319	1.7145	0.0000	0.5767	0.6585	1.3690
44	1278	1.5904	1.6926	0.0000	0.6375	0.6841	1.4896
43	1278	2.2745	1.6225	0.0000	0.5845	0.6974	1.4477
45	1279	0.9542	1.7129	0.0000	0.5657	0.6602	1.3731
44	1279	1.6144	1.6954	0.0000	0.6190	0.6829	1.4891
43	1279	2.2973	1.6213	0.0000	0.5745	0.6939	1.4526
45	1280	0.9769	1.7116	0.0000	0.5595	0.6615	1.3775
44	1280	1.6384	1.6975	0.0000	0.6010	0.6806	1.4902
43	1280	2.3190	1.6202	0.0000	0.5678	0.6919	1.4572
45	1281	0.9987	1.7097	0.0000	0.5637	0.6630	1.3828
44	1281	1.6617	1.6991	0.0000	0.5852	0.6789	1.4904
43	1281	2.3406	1.6177	0.0000	0.5602	0.6898	1.4612
45	1282	1.0206	1.7083	0.0000	0.5702	0.6639	1.3890
44	1282	1.6845	1.7004	0.0000	0.5745	0.6785	1.4899
43	1282	2.3630	1.6145	0.0000	0.5520	0.6865	1.4652
45	1283	1.0427	1.7082	0.0000	0.5800	0.6642	1.3955
44	1283	1.7069	1.7009	0.0000	0.5712	0.6782	1.4899
43	1283	2.3851	1.6097	0.0000	0.5460	0.6829	1.4694
45	1284	1.0646	1.7094	0.0000	0.5917	0.6637	1.4029
44	1284	1.7283	1.6997	0.0000	0.5725	0.6790	1.4895
43	1284	2.4073	1.6041	0.0000	0.5378	0.6797	1.4720
45	1285	1.0868	1.7118	0.0000	0.6032	0.6632	1.4097
44	1285	1.7500	1.6974	0.0000	0.5737	0.6795	1.4895
43	1285	2.4295	1.5980	0.0000	0.5312	0.6778	1.4735
45	1286	1.1115	1.7162	0.0000	0.6160	0.6609	1.4145
44	1286	1.7724	1.6943	0.0000	0.5788	0.6789	1.4928
43	1286	2.4513	1.5920	0.0000	0.5208	0.6775	1.4745
45	1287	1.1373	1.7209	0.0000	0.6290	0.6579	1.4166
44	1287	1.7952	1.6899	0.0000	0.5850	0.6769	1.4984
45	1288	1.1639	1.7242	0.0000	0.6378	0.6550	1.4171
44	1288	1.8189	1.6841	0.0000	0.5922	0.6740	1.5049
45	1289	1.1909	1.7247	0.0000	0.6428	0.6525	1.4166
44	1289	1.8434	1.6778	0.0000	0.6023	0.6690	1.5134
45	1290	1.2182	1.7226	0.0000	0.6462	0.6497	1.4141
44	1290	1.8679	1.6700	0.0000	0.6057	0.6636	1.5229
45	1291	1.2451	1.7201	0.0000	0.6430	0.6481	1.4096
44	1291	1.8932	1.6628	0.0000	0.6065	0.6557	1.5340
45	1292	1.2722	1.7191	0.0000	0.6373	0.6463	1.4053
44	1292	1.9185	1.6579	0.0000	0.6040	0.6477	1.5456
45	1293	1.2978	1.7196	0.0000	0.6320	0.6460	1.4018
44	1293	1.9438	1.6579	0.0000	0.5925	0.6410	1.5540
45	1294	1.3217	1.7208	0.0000	0.6243	0.6475	1.3979
44	1294	1.9692	1.6619	0.0000	0.5820	0.6354	1.5590
45	1295	1.3453	1.7209	0.0000	0.6138	0.6470	1.3975
44	1295	1.9923	1.6660	0.0000	0.5743	0.6319	1.5638
45	1296	1.3687	1.7206	0.0000	0.6037	0.6463	1.3978
44	1296	2.0150	1.6687	0.0000	0.5638	0.6297	1.5674
45	1297	1.3922	1.7191	0.0000	0.5885	0.6446	1.4004
44	1297	2.0368	1.6706	0.0000	0.5575	0.6293	1.5700
45	1298	1.4167	1.7167	0.0000	0.5785	0.6392	1.4064
44	1298	2.0559	1.6710	0.0000	0.5532	0.6324	1.5728
45	1299	1.4406	1.7143	0.0000	0.5757	0.6356	1.4109
44	1299	2.0762	1.6703	0.0000	0.5513	0.6348	1.5743
45	1300	1.4637	1.7112	0.0000	0.5757	0.6339	1.4134
44	1300	2.0976	1.6691	0.0000	0.5603	0.6380	1.5725
46	1301	0.7069	1.7640	0.0000	0.6195	0.7797	1.3514
45	1301	1.4866	1.7086	0.0000	0.5772	0.6321	1.4166
44	1301	2.1187	1.6669	0.0000	0.5727	0.6430	1.5685
46	1302	0.7308	1.7650	0.0000	0.6245	0.7768	1.3549
45	1302	1.5076	1.7070	0.0000	0.5750	0.6339	1.4177
44	1302	2.1415	1.6645	0.0000	0.5907	0.6469	1.5615
46	1303	0.7555	1.7673	0.0000	0.6285	0.7737	1.3577
45	1303	1.5292	1.7066	0.0000	0.5702	0.6359	1.4188
44	1303	2.1651	1.6616	0.0000	0.6193	0.6509	1.5542
46	1304	0.7807	1.7698	0.0000	0.6330	0.7713	1.3595
45	1304	1.5520	1.7070	0.0000	0.5652	0.6377	1.4194
44	1304	2.1897	1.6584	0.0000	0.6478	0.6544	1.5479
46	1305	0.8061	1.7717	0.0000	0.6427	0.7695	1.3606
45	1305	1.5756	1.7080	0.0000	0.5597	0.6408	1.4181
44	1305	2.2164	1.6553	0.0000	0.6775	0.6552	1.5432
46	1306	0.8320	1.7727	0.0000	0.6505	0.7676	1.3614
45	1306	1.5996	1.7088	0.0000	0.5553	0.6445	1.4163
44	1306	2.2441	1.6525	0.0000	0.7093	0.6542	1.5400
46	1307	0.8584	1.7736	0.0000	0.6603	0.7638	1.3633
45	1307	1.6222	1.7075	0.0000	0.5570	0.6509	1.4137
44	1307	2.2731	1.6497	0.0000	0.7382	0.6514	1.5357
46	1308	0.8852	1.7732	0.0000	0.6713	0.7596	1.3647
45	1308	1.6448	1.7069	0.0000	0.5578	0.6588	1.4100
44	1308	2.3036	1.6470	0.0000	0.7638	0.6456	1.5333
46	1309	0.9119	1.7706	0.0000	0.6838	0.7548	1.3667
45	1309	1.6667	1.7066	0.0000	0.5590	0.6686	1.4051
44	1309	2.3353	1.6451	0.0000	0.7815	0.6369	1.5320
46	1310	0.9397	1.7679	0.0000	0.6970	0.7479	1.3689
45	1310	1.6876	1.7072	0.0000	0.5610	0.6810	1.3997
44	1310	2.3686	1.6456	0.0000	0.7920	0.6264	1.5298
46	1311	0.9671	1.7636	0.0000	0.7003	0.7416	1.3712
45	1311	1.7087	1.7074	0.0000	0.5610	0.6937	1.3934
44	1311	2.4024	1.6494	0.0000	0.7917	0.6149	1.5284
46	1312	0.9949	1.7589	0.0000	0.6940	0.7355	1.3732
45	1312	1.7304	1.7060	0.0000	0.5687	0.7064	1.3871
44	1312	2.4368	1.6560	0.0000	0.7883	0.6027	1.5278
46	1313	1.0240	1.7531	0.0000	0.6838	0.7283	1.3750
45	1313	1.7523	1.7044	0.0000	0.5812	0.7183	1.3826
44	1313	2.4706	1.6623	0.0000	0.7763	0.5898	1.5289
46	1314	1.0542	1.7499	0.0000	0.6745	0.7214	1.3756
45	1314	1.7756	1.7020	0.0000	0.5985	0.7267	1.3811
44	1314	2.5023	1.6670	0.0000	0.7587	0.5786	1.5322
46	1315	1.0849	1.7493	0.0000	0.6638	0.7151	1.3748
45	1315	1.8000	1.7009	0.0000	0.6178	0.7332	1.3809
44	1315	2.5332	1.6697	0.0000	0.7338	0.5678	1.5373
46	1316	1.1121	1.7491	0.0000	0.6500	0.7119	1.3743
45	1316	1.8240	1.6997	0.0000	0.6390	0.7368	1.3805
44	1316	2.5608	1.6717	0.0000	0.7060	0.5605	1.5417
46	1317	1.1360	1.7474	0.0000	0.6358	0.7137	1.3716
45	1317	1.8497	1.6989	0.0000	0.6635	0.7387	1.3770
46	1318	1.1587	1.7454	0.0000	0.6185	0.7186	1.3663
45	1318	1.8773	1.6968	0.0000	0.6910	0.7368	1.3742
46	1319	1.1817	1.7432	0.0000	0.6022	0.7244	1.3596
45	1319	1.9061	1.6949	0.0000	0.7133	0.7327	1.3726
46	1320	1.2052	1.7421	0.0000	0.5868	0.7295	1.3532
45	1320	1.9347	1.6940	0.0000	0.7320	0.7274	1.3728
46	1321	1.2271	1.7410	0.0000	0.5820	0.7372	1.3452
45	1321	1.9643	1.6942	0.0000	0.7458	0.7205	1.3720
46	1322	1.2492	1.7392	0.0000	0.5895	0.7466	1.3356
45	1322	1.9958	1.6953	0.0000	0.7517	0.7114	1.3717
46	1323	1.2714	1.7385	0.0000	0.6048	0.7573	1.3249
45	1323	2.0287	1.6986	0.0000	0.7493	0.7011	1.3714
46	1324	1.2951	1.7374	0.0000	0.6245	0.7658	1.3154
45	1324	2.0609	1.7013	0.0000	0.7395	0.6902	1.3736
46	1325	1.3196	1.7361	0.0000	0.6480	0.7732	1.3065
45	1325	2.0928	1.7026	0.0000	0.7250	0.6806	1.3757
46	1326	1.3449	1.7351	0.0000	0.6775	0.7774	1.3006
45	1326	2.1223	1.7024	0.0000	0.7077	0.6729	1.3790
46	1327	1.3718	1.7336	0.0000	0.7030	0.7786	1.2964
45	1327	2.1504	1.7015	0.0000	0.6845	0.6667	1.3838
46	1328	1.4006	1.7323	0.0000	0.7187	0.7764	1.2946
45	1328	2.1770	1.7013	0.0000	0.6590	0.6612	1.3912
46	1329	1.4315	1.7326	0.0000	0.7255	0.7704	1.2958
45	1329	2.2019	1.7022	0.0000	0.6393	0.6576	1.4006
47	1330	0.6859	1.7274	0.0000	0.7017	0.7785	1.3680
46	1330	1.4644	1.7344	0.0000	0.7300	0.7603	1.2997
45	1330	2.2247	1.7033	0.0000	0.6178	0.6556	1.4125
47	1331	0.7154	1.7215	0.0000	0.7220	0.7827	1.3684
46	1331	1.4981	1.7403	0.0000	0.7283	0.7493	1.3055
45	1331	2.2474	1.7030	0.0000	0.6035	0.6529	1.4263
47	1332	0.7463	1.7164	0.0000	0.7362	0.7841	1.3738
46	1332	1.5304	1.7455	0.0000	0.7200	0.7392	1.3129
45	1332	2.2696	1.7027	0.0000	0.5960	0.6507	1.4390
47	1333	0.7789	1.7124	0.0000	0.7415	0.7800	1.3847
46	1333	1.5589	1.7484	0.0000	0.7025	0.7334	1.3215
45	1333	2.2923	1.7015	0.0000	0.5897	0.6476	1.4482
47	1334	0.8113	1.7109	0.0000	0.7395	0.7740	1.4009
46	1334	1.5853	1.7497	0.0000	0.6795	0.7313	1.3286
45	1334	2.3166	1.6990	0.0000	0.5893	0.6440	1.4542
47	1335	0.8427	1.7112	0.0000	0.7330	0.7689	1.4192
46	1335	1.6116	1.7511	0.0000	0.6563	0.7283	1.3358
45	1335	2.3399	1.6961	0.0000	0.5945	0.6427	1.4588
47	1336	0.8733	1.7135	0.0000	0.7195	0.7629	1.4395
46	1336	1.6362	1.7531	0.0000	0.6350	0.7275	1.3419
45	1336	2.3637	1.6926	0.0000	0.6012	0.6416	1.4608
47	1337	0.9022	1.7172	0.0000	0.7005	0.7576	1.4582
46	1337	1.6598	1.7552	0.0000	0.6202	0.7290	1.3454
45	1337	2.3888	1.6894	0.0000	0.6037	0.6398	1.4611
47	1338	0.9287	1.7195	0.0000	0.6782	0.7529	1.4728
46	1338	1.6816	1.7560	0.0000	0.6190	0.7313	1.3475
45	1338	2.4129	1.6863	0.0000	0.5980	0.6403	1.4582
47	1339	0.9543	1.7203	0.0000	0.6547	0.7490	1.4830
46	1339	1.7033	1.7554	0.0000	0.6252	0.7343	1.3483
45	1339	2.4376	1.6841	0.0000	0.5880	0.6412	1.4540
47	1340	0.9791	1.7198	0.0000	0.6360	0.7478	1.4873
46	1340	1.7269	1.7535	0.0000	0.6320	0.7356	1.3483
45	1340	2.4625	1.6836	0.0000	0.5807	0.6429	1.4509
47	1341	1.0032	1.7186	0.0000	0.6193	0.7489	1.4878
46	1341	1.7521	1.7509	0.0000	0.6447	0.7358	1.3471
45	1341	2.4879	1.6855	0.0000	0.5770	0.6439	1.4496
47	1342	1.0265	1.7172	0.0000	0.6070	0.7520	1.4852
46	1342	1.7785	1.7482	0.0000	0.6573	0.7326	1.3472
47	1343	1.0502	1.7170	0.0000	0.6022	0.7563	1.4777
46	1343	1.8065	1.7441	0.0000	0.6683	0.7250	1.3502
47	1344	1.0732	1.7170	0.0000	0.5990	0.7622	1.4708
46	1344	1.8354	1.7389	0.0000	0.6730	0.7164	1.3526
47	1345	1.0971	1.7173	0.0000	0.5985	0.7673	1.4640
46	1345	1.8644	1.7316	0.0000	0.6662	0.7078	1.3558
47	1346	1.1210	1.7166	0.0000	0.6012	0.7731	1.4573
46	1346	1.8941	1.7252	0.0000	0.6540	0.7004	1.3573
47	1347	1.1450	1.7156	0.0000	0.6055	0.7777	1.4543
46	1347	1.9227	1.7233	0.0000	0.6367	0.6941	1.3589
47	1348	1.1696	1.7146	0.0000	0.6110	0.7793	1.4551
46	1348	1.9489	1.7228	0.0000	0.6175	0.6910	1.3603
47	1349	1.1939	1.7141	0.0000	0.6207	0.7786	1.4583
46	1349	1.9725	1.7223	0.0000	0.5960	0.6913	1.3606
47	1350	1.2185	1.7140	0.0000	0.6288	0.7749	1.4647
46	1350	1.9934	1.7199	0.0000	0.5750	0.6947	1.3609
47	1351	1.2437	1.7144	0.0000	0.6350	0.7700	1.4718
46	1351	2.0137	1.7182	0.0000	0.5565	0.7005	1.3601
47	1352	1.2687	1.7153	0.0000	0.6398	0.7645	1.4807
46	1352	2.0332	1.7165	0.0000	0.5447	0.7063	1.3598
47	1353	1.2946	1.7178	0.0000	0.6405	0.7589	1.4905
46	1353	2.0535	1.7157	0.0000	0.5427	0.7127	1.3591
47	1354	1.3215	1.7230	0.0000	0.6400	0.7523	1.5048
46	1354	2.0738	1.7152	0.0000	0.5520	0.7202	1.3582
47	1355	1.3486	1.7294	0.0000	0.6365	0.7458	1.5202
46	1355	2.0944	1.7143	0.0000	0.5735	0.7291	1.3560
47	1356	1.3750	1.7349	0.0000	0.6295	0.7417	1.5308
46	1356	2.1167	1.7138	0.0000	0.6000	0.7370	1.3525
47	1357	1.4009	1.7386	0.0000	0.6195	0.7397	1.5344
46	1357	2.1406	1.7134	0.0000	0.6315	0.7445	1.3475
47	1358	1.4258	1.7409	0.0000	0.6065	0.7402	1.5332
46	1358	2.1660	1.7128	0.0000	0.6640	0.7502	1.3419
47	1359	1.4499	1.7430	0.0000	0.5885	0.7434	1.5289
46	1359	2.1933	1.7111	0.0000	0.6975	0.7533	1.3363
47	1360	1.4731	1.7452	0.0000	0.5740	0.7497	1.5224
46	1360	2.2228	1.7088	0.0000	0.7318	0.7529	1.3310
47	1361	1.4955	1.7480	0.0000	0.5620	0.7582	1.5156
46	1361	2.2537	1.7076	0.0000	0.7625	0.7502	1.3259
47	1362	1.5165	1.7490	0.0000	0.5535	0.7693	1.5067
46	1362	2.2858	1.7062	0.0000	0.7852	0.7449	1.3208
47	1363	1.5372	1.7488	0.0000	0.5488	0.7819	1.4961
46	1363	2.3191	1.7059	0.0000	0.8030	0.7374	1.3164
47	1364	1.5569	1.7466	0.0000	0.5475	0.7959	1.4849
46	1364	2.3528	1.7073	0.0000	0.8117	0.7274	1.3129
48	1365	1.0288	1.7212	0.0000	0.5952	0.5494	1.2778
47	1365	1.5782	1.7442	0.0000	0.5485	0.8089	1.4724
46	1365	2.3871	1.7121	0.0000	0.8110	0.7160	1.3116
48	1366	1.0524	1.7185	0.0000	0.5972	0.5474	1.2911
47	1366	1.5998	1.7407	0.0000	0.5525	0.8219	1.4606
46	1366	2.4217	1.7187	0.0000	0.7970	0.7033	1.3113
48	1367	1.0749	1.7155	0.0000	0.6020	0.5474	1.3035
47	1367	1.6223	1.7366	0.0000	0.5610	0.8324	1.4495
48	1368	1.0985	1.7119	0.0000	0.6093	0.5468	1.3129
47	1368	1.6453	1.7314	0.0000	0.5723	0.8419	1.4402
48	1369	1.1224	1.7093	0.0000	0.6162	0.5465	1.3207
47	1369	1.6689	1.7257	0.0000	0.5845	0.8491	1.4331
48	1370	1.1472	1.7061	0.0000	0.6280	0.5453	1.3295
47	1370	1.6925	1.7192	0.0000	0.5917	0.8547	1.4286
48	1371	1.1730	1.7025	0.0000	0.6378	0.5435	1.3357
47	1371	1.7165	1.7127	0.0000	0.5997	0.8560	1.4291
48	1372	1.1992	1.6984	0.0000	0.6473	0.5417	1.3442
47	1372	1.7409	1.7069	0.0000	0.6055	0.8535	1.4335
48	1373	1.2260	1.6933	0.0000	0.6522	0.5401	1.3509
47	1373	1.7661	1.7032	0.0000	0.6088	0.8485	1.4403
48	1374	1.2524	1.6873	0.0000	0.6525	0.5383	1.3569
47	1374	1.7907	1.7007	0.0000	0.6120	0.8436	1.4473
48	1375	1.2800	1.6833	0.0000	0.6480	0.5349	1.3615
47	1375	1.8149	1.6984	0.0000	0.6125	0.8392	1.4555
48	1376	1.3075	1.6811	0.0000	0.6405	0.5322	1.3661
47	1376	1.8397	1.6976	0.0000	0.6125	0.8349	1.4630
48	1377	1.3338	1.6805	0.0000	0.6315	0.5307	1.3705
47	1377	1.8645	1.6980	0.0000	0.6113	0.8313	1.4684
48	1378	1.3594	1.6795	0.0000	0.6185	0.5294	1.3792
47	1378	1.8888	1.6991	0.0000	0.6080	0.8286	1.4728
48	1379	1.3834	1.6786	0.0000	0.6068	0.5303	1.3887
47	1379	1.9137	1.7006	0.0000	0.6095	0.8252	1.4755
48	1380	1.4064	1.6768	0.0000	0.5895	0.5311	1.3983
47	1380	1.9375	1.7016	0.0000	0.6133	0.8228	1.4772
48	1381	1.4292	1.6742	0.0000	0.5755	0.5323	1.4073
47	1381	1.9615	1.7014	0.0000	0.6160	0.8199	1.4791
48	1382	1.4518	1.6717	0.0000	0.5647	0.5336	1.4147
47	1382	1.9854	1.7007	0.0000	0.6188	0.8162	1.4817
48	1383	1.4734	1.6703	0.0000	0.5588	0.5359	1.4228
47	1383	2.0093	1.6999	0.0000	0.6240	0.8113	1.4846
48	1384	1.4951	1.6691	0.0000	0.5597	0.5394	1.4298
47	1384	2.0345	1.6992	0.0000	0.6300	0.8035	1.4893
48	1385	1.5158	1.6690	0.0000	0.5662	0.5444	1.4353
47	1385	2.0602	1.6983	0.0000	0.6727	0.7942	1.4941
48	1386	1.5377	1.6681	0.0000	0.5733	0.5484	1.4403
47	1386	2.0861	1.6967	0.0000	0.6830	0.7857	1.4991
48	1387	1.5597	1.6660	0.0000	0.5830	0.5523	1.4455
47	1387	2.1120	1.6941	0.0000	0.6938	0.7800	1.5012
48	1388	1.5829	1.6627	0.0000	0.5962	0.5555	1.4513
47	1388	2.1384	1.6910	0.0000	0.7060	0.7755	1.5026
48	1389	1.6073	1.6592	0.0000	0.6127	0.5584	1.4551
47	1389	2.1657	1.6890	0.0000	0.7155	0.7697	1.5059
48	1390	1.6329	1.6557	0.0000	0.6345	0.5737	1.4444
47	1390	2.2066	1.6738	0.0000	0.7203	0.7515	1.5092
48	1391	1.6585	1.6523	0.0000	0.6572	0.5762	1.4458
47	1391	2.2347	1.6742	0.0000	0.7230	0.7470	1.5115
48	1392	1.6850	1.6496	0.0000	0.6785	0.5779	1.4453
47	1392	2.2629	1.6766	0.0000	0.7240	0.7435	1.5135
48	1393	1.7119	1.6461	0.0000	0.6905	0.5798	1.4440
47	1393	2.2917	1.6809	0.0000	0.7198	0.7410	1.5142
48	1394	1.7402	1.6441	0.0000	0.6985	0.5805	1.4448
47	1394	2.3207	1.6854	0.0000	0.7115	0.7395	1.5152
48	1395	1.7696	1.6434	0.0000	0.6972	0.5787	1.4459
47	1395	2.3483	1.6882	0.0000	0.6660	0.7406	1.5160
48	1396	1.8006	1.6457	0.0000	0.6962	0.5747	1.4473
47	1396	2.3753	1.6903	0.0000	0.6480	0.7437	1.5170
48	1397	1.8311	1.6503	0.0000	0.6927	0.5705	1.4474
48	1398	1.8591	1.6558	0.0000	0.6872	0.5672	1.4484
48	1399	1.8867	1.6606	0.0000	0.6775	0.5636	1.4482
48	1400	1.9118	1.6648	0.0000	0.6637	0.5612	1.4504
49	1401	1.1172	1.5877	0.0000	0.5855	0.8198	1.0484
48	1401	1.9370	1.6671	0.0000	0.6450	0.5569	1.4527
49	1402	1.1403	1.5864	0.0000	0.5722	0.8218	1.0509
48	1402	1.9621	1.6676	0.0000	0.6298	0.5522	1.4556
49	1403	1.1632	1.5858	0.0000	0.5555	0.8236	1.0531
48	1403	1.9868	1.6688	0.0000	0.6225	0.5484	1.4577
49	1404	1.1850	1.5848	0.0000	0.5458	0.8262	1.0544
48	1404	2.0112	1.6698	0.0000	0.6185	0.5455	1.4580
49	1405	1.2068	1.5839	0.0000	0.5272	0.8283	1.0562
48	1405	2.0351	1.6711	0.0000	0.6212	0.5436	1.4578
49	1406	1.2276	1.5826	0.0000	0.5225	0.8310	1.0584
48	1406	2.0586	1.6712	0.0000	0.6238	0.5426	1.4560
49	1407	1.2487	1.5809	0.0000	0.5132	0.8343	1.0617
48	1407	2.0830	1.6697	0.0000	0.6283	0.5416	1.4536
49	1408	1.2677	1.5793	0.0000	0.5055	0.8404	1.0649
48	1408	2.1081	1.6669	0.0000	0.6348	0.5396	1.4493
49	1409	1.2876	1.5774	0.0000	0.4978	0.8465	1.0673
48	1409	2.1341	1.6631	0.0000	0.6450	0.5373	1.4453
49	1410	1.3050	1.5779	0.0000	0.4912	0.8553	1.0691
48	1410	2.1603	1.6589	0.0000	0.6522	0.5353	1.4382
49	1411	1.3262	1.5813	0.0000	0.4883	0.8603	1.0702
48	1411	2.1865	1.6545	0.0000	0.6595	0.5342	1.4342
49	1412	1.3456	1.5868	0.0000	0.4885	0.8678	1.0705
48	1412	2.2134	1.6495	0.0000	0.6592	0.5324	1.4284
49	1413	1.3654	1.5946	0.0000	0.4988	0.8753	1.0702
48	1413	2.2407	1.6468	0.0000	0.6565	0.5294	1.4238
49	1414	1.3841	1.6016	0.0000	0.5075	0.8851	1.0684
48	1414	2.2692	1.6459	0.0000	0.6537	0.5261	1.4172
49	1415	1.4033	1.6067	0.0000	0.5260	0.8927	1.0669
48	1415	2.2960	1.6467	0.0000	0.6520	0.5252	1.4105
49	1416	1.4229	1.6109	0.0000	0.5380	0.8995	1.0654
48	1416	2.3224	1.6491	0.0000	0.6512	0.5249	1.4041
49	1417	1.4441	1.6141	0.0000	0.5553	0.9026	1.0648
48	1417	2.3467	1.6514	0.0000	0.6483	0.5265	1.3995
49	1418	1.4672	1.6168	0.0000	0.5725	0.9035	1.0649
48	1418	2.3707	1.6525	0.0000	0.6450	0.5282	1.3969
49	1419	1.4906	1.6178	0.0000	0.5910	0.9050	1.0649
48	1419	2.3956	1.6529	0.0000	0.6410	0.5281	1.3956
49	1420	1.5154	1.6173	0.0000	0.6095	0.9057	1.0648
48	1420	2.4211	1.6521	0.0000	0.6433	0.5264	1.3966
49	1421	1.5414	1.6149	0.0000	0.6302	0.9056	1.0649
48	1421	2.4470	1.6526	0.0000	0.6473	0.5237	1.3993
49	1422	1.5677	1.6122	0.0000	0.6468	0.9050	1.0659
48	1422	2.4727	1.6531	0.0000	0.6610	0.5204	1.4031
49	1423	1.5944	1.6083	0.0000	0.6620	0.9043	1.0670
48	1423	2.4987	1.6534	0.0000	0.6778	0.5179	1.4063
49	1424	1.6205	1.6039	0.0000	0.6798	0.9051	1.0679
48	1424	2.5256	1.6540	0.0000	0.6942	0.5162	1.4072
49	1425	1.6471	1.5982	0.0000	0.6942	0.9062	1.0685
48	1425	2.5533	1.6535	0.0000	0.7125	0.5148	1.4075
49	1426	1.6750	1.5929	0.0000	0.7037	0.9063	1.0699
48	1426	2.5813	1.6522	0.0000	0.7272	0.5152	1.4070
49	1427	1.7028	1.5869	0.0000	0.7062	0.9083	1.0709
48	1427	2.6111	1.6500	0.0000	0.7390	0.5140	1.4062
49	1428	1.7320	1.5835	0.0000	0.7065	0.9098	1.0720
49	1429	1.7625	1.5821	0.0000	0.7050	0.9108	1.0716
49	1430	1.7931	1.5822	0.0000	0.6982	0.9130	1.0689
50	1431	0.8620	1.8102	0.0000	0.7162	0.9609	1.1116
49	1431	1.8229	1.5828	0.0000	0.6855	0.9150	1.0662
50	1432	0.8886	1.8135	0.0000	0.7072	0.9616	1.1153
49	1432	1.8502	1.5832	0.0000	0.6750	0.9181	1.0640
50	1433	0.9152	1.8165	0.0000	0.7000	0.9618	1.1197
49	1433	1.8770	1.5840	0.0000	0.6607	0.9191	1.0633
50	1434	0.9425	1.8194	0.0000	0.6978	0.9600	1.1254
49	1434	1.9025	1.5846	0.0000	0.6462	0.9200	1.0638
50	1435	0.9700	1.8203	0.0000	0.7045	0.9564	1.1318
49	1435	1.9264	1.5847	0.0000	0.6350	0.9215	1.0650
50	1436	0.9984	1.8215	0.0000	0.7123	0.9508	1.1382
49	1436	1.9492	1.5857	0.0000	0.6277	0.9226	1.0676
50	1437	1.0264	1.8200	0.0000	0.7232	0.9464	1.1435
49	1437	1.9728	1.5862	0.0000	0.6307	0.9214	1.0708
50	1438	1.0562	1.8180	0.0000	0.7338	0.9401	1.1481
49	1438	1.9963	1.5863	0.0000	0.6345	0.9204	1.0750
50	1439	1.0860	1.8149	0.0000	0.7407	0.9350	1.1514
49	1439	2.0210	1.5846	0.0000	0.6438	0.9178	1.0794
50	1440	1.1168	1.8106	0.0000	0.7498	0.9303	1.1541
49	1440	2.0471	1.5822	0.0000	0.6565	0.9125	1.0853
50	1441	1.1469	1.8051	0.0000	0.7575	0.9271	1.1570
49	1441	2.0740	1.5790	0.0000	0.6780	0.9061	1.0910
50	1442	1.1779	1.7980	0.0000	0.7660	0.9246	1.1598
49	1442	2.1025	1.5757	0.0000	0.7010	0.8988	1.0969
50	1443	1.2087	1.7910	0.0000	0.7625	0.9221	1.1625
49	1443	2.1308	1.5721	0.0000	0.7203	0.8911	1.1030
50	1444	1.2388	1.7837	0.0000	0.7525	0.9212	1.1645
49	1444	2.1600	1.5690	0.0000	0.7325	0.8833	1.1083
50	1445	1.2699	1.7776	0.0000	0.7315	0.9191	1.1662
49	1445	2.1890	1.5670	0.0000	0.7425	0.8762	1.1140
50	1446	1.3014	1.7748	0.0000	0.7132	0.9190	1.1655
49	1446	2.2204	1.5686	0.0000	0.7463	0.8661	1.1204
50	1447	1.3328	1.7755	0.0000	0.6935	0.9204	1.1628
49	1447	2.2532	1.5725	0.0000	0.7445	0.8538	1.1273
50	1448	1.3612	1.7761	0.0000	0.6772	0.9232	1.1597
49	1448	2.2844	1.5772	0.0000	0.7390	0.8423	1.1328
50	1449	1.3870	1.7752	0.0000	0.6608	0.9270	1.1569
50	1450	1.4094	1.7704	0.0000	0.6380	0.9347	1.1541
50	1451	1.4322	1.7684	0.0000	0.6145	0.9403	1.1533
50	1452	1.4553	1.7715	0.0000	0.5940	0.9450	1.1541
50	1453	1.4796	1.7741	0.0000	0.5835	0.9468	1.1575
50	1454	1.5031	1.7768	0.0000	0.5825	0.9492	1.1625
50	1455	1.5251	1.7778	0.0000	0.5938	0.9525	1.1684
50	1456	1.5472	1.7773	0.0000	0.6083	0.9565	1.1736
50	1457	1.5704	1.7759	0.0000	0.6252	0.9597	1.1786
50	1458	1.5946	1.7734	0.0000	0.6430	0.9616	1.1828
50	1459	1.6200	1.7700	0.0000	0.6660	0.9623	1.1859
50	1460	1.6469	1.7657	0.0000	0.6963	0.9607	1.1883
50	1461	1.6755	1.7603	0.0000	0.7260	0.9573	1.1910
50	1462	1.7054	1.7542	0.0000	0.7508	0.9522	1.1930
50	1463	1.7368	1.7493	0.0000	0.7677	0.9463	1.1940
50	1464	1.7695	1.7474	0.0000	0.7815	0.9392	1.1946
51	1465	1.0605	1.6631	0.0000	0.6437	0.7431	1.1181
50	1465	1.8036	1.7510	0.0000	0.7882	0.9292	1.1960
51	1466	1.0857	1.6634	0.0000	0.6277	0.7519	1.1191
50	1466	1.8376	1.7580	0.0000	0.7898	0.9193	1.1967
51	1467	1.1106	1.6625	0.0000	0.6145	0.7601	1.1214
50	1467	1.8707	1.7648	0.0000	0.7852	0.9100	1.1975
51	1468	1.1342	1.6602	0.0000	0.6033	0.7675	1.1256
50	1468	1.9017	1.7690	0.0000	0.7745	0.9034	1.1970
51	1469	1.1588	1.6571	0.0000	0.5933	0.7738	1.1301
50	1469	1.9326	1.7723	0.0000	0.7600	0.8973	1.1968
51	1470	1.1820	1.6532	0.0000	0.5875	0.7802	1.1349
50	1470	1.9622	1.7747	0.0000	0.7440	0.8922	1.1959
51	1471	1.2046	1.6489	0.0000	0.5867	0.7868	1.1399
50	1471	1.9914	1.7764	0.0000	0.7290	0.8872	1.1947
51	1472	1.2270	1.6444	0.0000	0.5830	0.7925	1.1450
50	1472	2.0195	1.7775	0.0000	0.7172	0.8822	1.1942
51	1473	1.2493	1.6402	0.0000	0.5810	0.7973	1.1493
50	1473	2.0466	1.7771	0.0000	0.7103	0.8793	1.1929
51	1474	1.2718	1.6388	0.0000	0.5788	0.8017	1.1529
50	1474	2.0735	1.7753	0.0000	0.7027	0.8775	1.1910
51	1475	1.2955	1.6405	0.0000	0.5813	0.8057	1.1549
50	1475	2.1012	1.7725	0.0000	0.6987	0.8760	1.1893
51	1476	1.3204	1.6442	0.0000	0.5847	0.8088	1.1559
50	1476	2.1292	1.7693	0.0000	0.6942	0.8745	1.1881
51	1477	1.3438	1.6464	0.0000	0.5880	0.8138	1.1555
50	1477	2.1576	1.7651	0.0000	0.6938	0.8739	1.1850
51	1478	1.3666	1.6471	0.0000	0.5930	0.8192	1.1547
50	1478	2.1858	1.7585	0.0000	0.6957	0.8737	1.1814
51	1479	1.3903	1.6480	0.0000	0.6022	0.8234	1.1536
50	1479	2.2137	1.7506	0.0000	0.6955	0.8737	1.1785
51	1480	1.4145	1.6497	0.0000	0.6117	0.8272	1.1528
50	1480	2.2417	1.7429	0.0000	0.6885	0.8759	1.1743
51	1481	1.4385	1.6513	0.0000	0.6235	0.8306	1.1529
51	1482	1.4622	1.6516	0.0000	0.6415	0.8348	1.1529
51	1483	1.4865	1.6506	0.0000	0.6643	0.8384	1.1534
51	1484	1.5127	1.6476	0.0000	0.6865	0.8390	1.1543
51	1485	1.5402	1.6434	0.0000	0.7097	0.8364	1.1564
51	1486	1.5698	1.6386	0.0000	0.7353	0.8305	1.1589
51	1487	1.6004	1.6338	0.0000	0.7625	0.8245	1.1606
51	1488	1.6323	1.6307	0.0000	0.7883	0.8177	1.1618
51	1489	1.6649	1.6285	0.0000	0.8060	0.8100	1.1634
51	1490	1.6984	1.6274	0.0000	0.8185	0.8005	1.1656
51	1491	1.7326	1.6288	0.0000	0.8240	0.7896	1.1686
51	1492	1.7672	1.6331	0.0000	0.8258	0.7790	1.1708
52	1493	0.8648	1.6479	0.0000	0.6607	0.9370	1.1158
51	1493	1.8018	1.6397	0.0000	0.8207	0.7695	1.1720
52	1494	0.8914	1.6508	0.0000	0.6557	0.9437	1.1077
51	1494	1.8351	1.6457	0.0000	0.8120	0.7625	1.1722
52	1495	0.9176	1.6536	0.0000	0.6537	0.9500	1.0999
51	1495	1.8676	1.6504	0.0000	0.8013	0.7573	1.1714
52	1496	0.9430	1.6554	0.0000	0.6525	0.9564	1.0934
51	1496	1.8994	1.6541	0.0000	0.7870	0.7551	1.1686
52	1497	0.9678	1.6561	0.0000	0.6548	0.9629	1.0880
51	1497	1.9307	1.6566	0.0000	0.7690	0.7540	1.1649
52	1498	0.9928	1.6549	0.0000	0.6593	0.9678	1.0849
51	1498	1.9606	1.6583	0.0000	0.7503	0.7558	1.1604
52	1499	1.0181	1.6524	0.0000	0.6675	0.9716	1.0830
51	1499	1.9897	1.6585	0.0000	0.7330	0.7600	1.1550
