#id	fr	x	y	z	velocity	headway	rho
11	254	1.0754	1.6178	0.0000	1.1468	1.1791	0.8951
11	255	1.1220	1.6067	0.0000	1.1382	1.1676	0.8979
11	256	1.1688	1.5968	0.0000	1.1285	1.1584	0.8995
11	257	1.2143	1.5899	0.0000	1.1170	1.1521	0.9008
11	258	1.2599	1.5889	0.0000	1.1035	1.1482	0.9016
11	259	1.3038	1.5912	0.0000	1.0860	1.1489	0.9017
11	260	1.3464	1.5949	0.0000	1.0717	1.1516	0.9022
11	261	1.3880	1.6007	0.0000	1.0607	1.1567	0.9022
11	262	1.4291	1.6075	0.0000	1.0585	1.1642	0.9018
11	263	1.4700	1.6146	0.0000	1.0610	1.1721	0.9016
11	264	1.5098	1.6202	0.0000	1.0715	1.1813	0.9013
11	265	1.5507	1.6232	0.0000	1.0875	1.1854	0.9022
11	266	1.5931	1.6231	0.0000	1.1095	1.1826	0.9054
11	267	1.6377	1.6200	0.0000	1.1328	1.1732	0.9101
11	268	1.6843	1.6128	0.0000	1.1575	1.1566	0.9171
11	269	1.7324	1.6020	0.0000	1.1797	1.1368	0.9250
11	270	1.7814	1.5906	0.0000	1.1893	1.1158	0.9329
11	271	1.8318	1.5805	0.0000	1.1917	1.0936	0.9402
11	272	1.8822	1.5754	0.0000	1.1855	1.0727	0.9468
11	273	1.9330	1.5774	0.0000	1.1733	1.0522	0.9526
11	274	1.9817	1.5837	0.0000	1.1565	1.0348	0.9578
11	275	2.0264	1.5912	0.0000	1.1382	1.0205	0.9632
11	276	2.0698	1.6007	0.0000	1.1152	1.0095	0.9678
11	277	2.1119	1.6094	0.0000	1.0930	0.9996	0.9729
12	278	1.0989	1.6384	0.0000	1.1210	1.0547	0.9317
12	279	1.1427	1.6317	0.0000	1.1387	1.0523	0.9314
12	280	1.1883	1.6265	0.0000	1.1553	1.0484	0.9315
12	281	1.2355	1.6233	0.0000	1.1678	1.0424	0.9331
12	282	1.2842	1.6248	0.0000	1.1835	1.0352	0.9347
12	283	1.3340	1.6332	0.0000	1.2002	1.0273	0.9361
12	284	1.3839	1.6454	0.0000	1.2170	1.0187	0.9379
12	285	1.4326	1.6559	0.0000	1.2292	1.0110	0.9398
12	286	1.4798	1.6637	0.0000	1.2345	1.0040	0.9422
12	287	1.5291	1.6700	0.0000	1.2335	0.9941	0.9448
12	288	1.5790	1.6726	0.0000	1.2272	0.9825	0.9481
12	289	1.6295	1.6717	0.0000	1.2208	0.9690	0.9524
12	290	1.6800	1.6680	0.0000	1.2185	0.9544	0.9575
12	291	1.7293	1.6619	0.0000	1.2160	0.9411	0.9636
12	292	1.7776	1.6530	0.0000	1.2073	0.9293	0.9696
12	293	1.8249	1.6426	0.0000	1.1930	0.9191	0.9761
12	294	1.8722	1.6313	0.0000	1.1740	0.9096	0.9831
12	295	1.9200	1.6208	0.0000	1.1522	0.9010	0.9900
12	296	1.9662	1.6128	0.0000	1.1350	0.8946	0.9960
12	297	2.0120	1.6112	0.0000	1.1180	0.8910	0.9998
12	298	2.0562	1.6148	0.0000	1.1010	0.8918	1.0013
12	299	2.0991	1.6206	0.0000	1.0830	0.8958	1.0008
12	300	2.1409	1.6265	0.0000	1.0640	0.9022	0.9995
12	301	2.1833	1.6324	0.0000	1.0492	0.9078	0.9979
12	302	2.2248	1.6362	0.0000	1.0408	0.9125	0.9972
13	313	1.6546	1.6705	0.0000	1.1455	1.0607	0.7450
13	314	1.6993	1.6780	0.0000	1.1285	1.0612	0.7448
13	315	1.7423	1.6848	0.0000	1.1115	1.0629	0.7453
13	316	1.7856	1.6901	0.0000	1.0950	1.0651	0.7460
13	317	1.8278	1.6922	0.0000	1.0855	1.0665	0.7474
13	318	1.8703	1.6910	0.0000	1.0763	1.0666	0.7489
13	319	1.9126	1.6866	0.0000	1.0740	1.0664	0.7500
13	320	1.9555	1.6793	0.0000	1.0738	1.0629	0.7515
13	321	1.9986	1.6690	0.0000	1.0725	1.0573	0.7532
13	322	2.0420	1.6583	0.0000	1.0727	1.0499	0.7551
13	323	2.0851	1.6484	0.0000	1.0707	1.0415	0.7573
14	336	1.0928	1.6483	0.0000	1.2167	1.5466	0.7672
14	337	1.1417	1.6509	0.0000	1.2195	1.5435	0.7653
14	338	1.1901	1.6501	0.0000	1.2255	1.5425	0.7631
14	339	1.2387	1.6463	0.0000	1.2320	1.5412	0.7610
14	340	1.2877	1.6397	0.0000	1.2383	1.5397	0.7586
14	341	1.3374	1.6313	0.0000	1.2390	1.5358	0.7569
14	342	1.3876	1.6237	0.0000	1.2373	1.5286	0.7562
14	343	1.4386	1.6181	0.0000	1.2355	1.5199	0.7555
14	344	1.4894	1.6151	0.0000	1.2288	1.5081	0.7559
14	345	1.5398	1.6165	0.0000	1.2195	1.4947	0.7573
14	346	1.5884	1.6191	0.0000	1.2050	1.4808	0.7596
14	347	1.6366	1.6235	0.0000	1.1900	1.4666	0.7623
14	348	1.6843	1.6284	0.0000	1.1745	1.4516	0.7655
15	363	1.2070	1.6408	0.0000	1.1205	1.1810	0.8376
15	364	1.2522	1.6362	0.0000	1.1282	1.1793	0.8351
15	365	1.2980	1.6309	0.0000	1.1410	1.1761	0.8331
15	366	1.3438	1.6252	0.0000	1.1568	1.1726	0.8310
15	367	1.3895	1.6216	0.0000	1.1700	1.1690	0.8301
15	368	1.4362	1.6209	0.0000	1.1780	1.1639	0.8296
15	369	1.4842	1.6246	0.0000	1.1830	1.1566	0.8303
15	370	1.5333	1.6317	0.0000	1.1850	1.1484	0.8307
15	371	1.5823	1.6386	0.0000	1.1867	1.1394	0.8324
15	372	1.6308	1.6447	0.0000	1.1890	1.1294	0.8349
15	373	1.6782	1.6493	0.0000	1.1892	1.1184	0.8379
15	374	1.7254	1.6527	0.0000	1.1865	1.1067	0.8414
15	375	1.7720	1.6541	0.0000	1.1815	1.0958	0.8448
15	376	1.8185	1.6534	0.0000	1.1767	1.0859	0.8473
15	377	1.8651	1.6505	0.0000	1.1730	1.0763	0.8497
15	378	1.9119	1.6456	0.0000	1.1735	1.0670	0.8520
15	379	1.9588	1.6391	0.0000	1.1697	1.0577	0.8545
15	380	2.0059	1.6315	0.0000	1.1683	1.0490	0.8573
15	381	2.0530	1.6256	0.0000	1.1650	1.0413	0.8601
15	382	2.1000	1.6219	0.0000	1.1605	1.0342	0.8630
16	384	0.9152	1.5791	0.0000	1.2060	1.2781	0.9162
16	385	0.9652	1.5852	0.0000	1.2080	1.2741	0.9181
16	386	1.0140	1.5926	0.0000	1.2065	1.2705	0.9190
16	387	1.0623	1.6006	0.0000	1.2033	1.2670	0.9193
16	388	1.1110	1.6081	0.0000	1.2007	1.2622	0.9189
16	389	1.1584	1.6138	0.0000	1.1967	1.2584	0.9178
16	390	1.2053	1.6171	0.0000	1.1927	1.2548	0.9160
16	391	1.2515	1.6172	0.0000	1.1957	1.2525	0.9142
16	392	1.2981	1.6151	0.0000	1.2035	1.2506	0.9118
16	393	1.3457	1.6095	0.0000	1.2120	1.2487	0.9099
16	394	1.3939	1.6023	0.0000	1.2265	1.2472	0.9080
16	395	1.4423	1.5942	0.0000	1.2405	1.2469	0.9065
16	396	1.4923	1.5885	0.0000	1.2500	1.2456	0.9060
16	397	1.5437	1.5862	0.0000	1.2557	1.2432	0.9069
16	398	1.5958	1.5879	0.0000	1.2580	1.2383	0.9086
16	399	1.6490	1.5948	0.0000	1.2570	1.2300	0.9105
16	400	1.7015	1.6008	0.0000	1.2535	1.2198	0.9124
16	401	1.7515	1.6070	0.0000	1.2507	1.2105	0.9156
16	402	1.8004	1.6114	0.0000	1.2442	1.2011	0.9190
16	403	1.8489	1.6144	0.0000	1.2345	1.1916	0.9228
16	404	1.8967	1.6148	0.0000	1.2205	1.1822	0.9257
16	405	1.9437	1.6133	0.0000	1.2045	1.1732	0.9287
17	408	1.1033	1.6779	0.0000	1.1602	0.9863	0.9757
17	409	1.1522	1.6705	0.0000	1.1512	0.9850	0.9778
17	410	1.1998	1.6669	0.0000	1.1385	0.9835	0.9800
17	411	1.2485	1.6687	0.0000	1.1210	0.9821	0.9802
17	412	1.2943	1.6741	0.0000	1.1012	0.9836	0.9786
17	413	1.3373	1.6814	0.0000	1.0773	0.9886	0.9721
17	414	1.3788	1.6908	0.0000	1.0530	0.9930	0.9676
17	415	1.4187	1.6992	0.0000	1.0363	0.9985	0.9638
17	416	1.4578	1.7063	0.0000	1.0200	1.0050	0.9609
17	417	1.4963	1.7096	0.0000	1.0180	1.0116	0.9593
17	418	1.5342	1.7103	0.0000	1.0305	1.0177	0.9592
17	419	1.5734	1.7083	0.0000	1.0505	1.0219	0.9596
17	420	1.6143	1.7029	0.0000	1.0847	1.0221	0.9616
17	421	1.6565	1.6962	0.0000	1.1240	1.0222	0.9633
17	422	1.7015	1.6890	0.0000	1.1618	1.0201	0.9651
17	423	1.7495	1.6846	0.0000	1.1945	1.0143	0.9678
17	424	1.7990	1.6835	0.0000	1.2230	1.0094	0.9696
17	425	1.8526	1.6871	0.0000	1.2525	0.9994	0.9697
17	426	1.9074	1.6956	0.0000	1.2715	0.9893	0.9661
17	427	1.9610	1.7022	0.0000	1.2825	0.9803	0.9601
17	428	2.0120	1.7091	0.0000	1.2812	0.9721	0.9536
17	429	2.0626	1.7133	0.0000	1.2718	0.9625	0.9480
17	430	2.1153	1.7163	0.0000	1.2517	0.9480	0.9447
17	431	2.1651	1.7152	0.0000	1.2257	0.9355	0.9435
17	432	2.2145	1.7121	0.0000	1.2032	0.9211	0.9457
18	439	1.3183	1.7275	0.0000	1.0322	1.2112	0.7917
18	440	1.3593	1.7329	0.0000	1.0287	1.2131	0.7911
18	441	1.3989	1.7392	0.0000	1.0275	1.2156	0.7911
18	442	1.4380	1.7447	0.0000	1.0290	1.2183	0.7912
18	443	1.4772	1.7477	0.0000	1.0307	1.2226	0.7908
18	444	1.5170	1.7480	0.0000	1.0425	1.2271	0.7904
18	445	1.5579	1.7456	0.0000	1.0675	1.2307	0.7900
18	446	1.5996	1.7408	0.0000	1.1060	1.2333	0.7902
18	447	1.6427	1.7346	0.0000	1.1528	1.2340	0.7909
18	448	1.6877	1.7280	0.0000	1.2012	1.2339	0.7919
18	449	1.7353	1.7215	0.0000	1.2370	1.2311	0.7932
18	450	1.7863	1.7172	0.0000	1.2555	1.2259	0.7949
18	451	1.8413	1.7161	0.0000	1.2640	1.2194	0.7961
18	452	1.8991	1.7199	0.0000	1.2660	1.2115	0.7971
19	461	0.9930	1.5882	0.0000	1.1078	1.3234	0.8705
19	462	1.0384	1.5841	0.0000	1.1415	1.3203	0.8688
19	463	1.0859	1.5798	0.0000	1.1703	1.3152	0.8672
19	464	1.1342	1.5745	0.0000	1.1865	1.3098	0.8655
19	465	1.1843	1.5712	0.0000	1.1912	1.3029	0.8639
19	466	1.2370	1.5720	0.0000	1.1842	1.2948	0.8618
19	467	1.2892	1.5760	0.0000	1.1712	1.2881	0.8598
19	468	1.3379	1.5804	0.0000	1.1577	1.2841	0.8583
19	469	1.3831	1.5873	0.0000	1.1475	1.2813	0.8584
19	470	1.4258	1.5959	0.0000	1.1365	1.2796	0.8597
19	471	1.4667	1.6038	0.0000	1.1215	1.2799	0.8615
19	472	1.5069	1.6075	0.0000	1.1087	1.2817	0.8629
19	473	1.5490	1.6084	0.0000	1.1080	1.2827	0.8638
19	474	1.5932	1.6065	0.0000	1.1173	1.2830	0.8640
19	475	1.6389	1.6020	0.0000	1.1342	1.2825	0.8642
19	476	1.6856	1.5954	0.0000	1.1560	1.2816	0.8639
19	477	1.7327	1.5876	0.0000	1.1730	1.2814	0.8632
19	478	1.7811	1.5799	0.0000	1.1833	1.2811	0.8623
19	479	1.8300	1.5745	0.0000	1.1855	1.2818	0.8612
20	494	1.4722	1.5925	0.0000	1.0795	1.0647	0.7975
20	495	1.5144	1.5880	0.0000	1.1078	1.0758	0.7923
20	496	1.5572	1.5816	0.0000	1.1430	1.0844	0.7883
20	497	1.6030	1.5752	0.0000	1.1765	1.0867	0.7858
20	498	1.6513	1.5707	0.0000	1.2035	1.0829	0.7848
20	499	1.7019	1.5693	0.0000	1.2250	1.0739	0.7851
20	500	1.7544	1.5722	0.0000	1.2388	1.0598	0.7868
20	501	1.8083	1.5794	0.0000	1.2475	1.0429	0.7890
20	502	1.8617	1.5885	0.0000	1.2450	1.0267	0.7907
20	503	1.9128	1.5955	0.0000	1.2323	1.0132	0.7926
20	504	1.9622	1.6007	0.0000	1.2110	1.0020	0.7941
20	505	2.0099	1.6043	0.0000	1.1815	0.9920	0.7957
20	506	2.0562	1.6065	0.0000	1.1460	0.9821	0.7980
20	507	2.1010	1.6064	0.0000	1.1095	0.9723	0.8010
20	508	2.1442	1.6037	0.0000	1.0790	0.9635	0.8046
21	525	1.3989	1.5587	0.0000	1.1152	1.3863	0.7218
21	526	1.4447	1.5526	0.0000	1.1323	1.3809	0.7221
21	527	1.4912	1.5488	0.0000	1.1410	1.3775	0.7216
21	528	1.5390	1.5490	0.0000	1.1465	1.3755	0.7203
21	529	1.5871	1.5533	0.0000	1.1480	1.3750	0.7190
21	530	1.6349	1.5598	0.0000	1.1460	1.3757	0.7179
21	531	1.6815	1.5668	0.0000	1.1422	1.3787	0.7166
21	532	1.7267	1.5749	0.0000	1.1405	1.3823	0.7160
22	559	1.4826	1.6650	0.0000	1.1205	1.4227	0.6929
22	560	1.5277	1.6568	0.0000	1.1092	1.4219	0.6919
22	561	1.5725	1.6513	0.0000	1.0962	1.4185	0.6921
22	562	1.6167	1.6506	0.0000	1.0837	1.4134	0.6933
22	563	1.6587	1.6560	0.0000	1.0730	1.4061	0.6958
22	564	1.7001	1.6603	0.0000	1.0648	1.3987	0.6986
22	565	1.7415	1.6637	0.0000	1.0595	1.3917	0.7013
25	675	1.1317	1.5685	0.0000	1.1880	1.1332	0.8859
25	676	1.1793	1.5770	0.0000	1.1860	1.1365	0.8826
25	677	1.2266	1.5846	0.0000	1.1810	1.1385	0.8801
25	678	1.2732	1.5899	0.0000	1.1762	1.1369	0.8799
25	679	1.3189	1.5911	0.0000	1.1745	1.1334	0.8812
25	680	1.3654	1.5891	0.0000	1.1723	1.1259	0.8846
25	681	1.4119	1.5832	0.0000	1.1733	1.1168	0.8888
25	682	1.4590	1.5740	0.0000	1.1755	1.1067	0.8937
25	683	1.5063	1.5636	0.0000	1.1802	1.0957	0.8995
25	684	1.5535	1.5547	0.0000	1.1878	1.0864	0.9051
25	685	1.6006	1.5481	0.0000	1.1930	1.0796	0.9104
25	686	1.6486	1.5474	0.0000	1.1975	1.0735	0.9148
25	687	1.6968	1.5502	0.0000	1.1982	1.0703	0.9170
25	688	1.7453	1.5551	0.0000	1.1975	1.0690	0.9170
25	689	1.7940	1.5619	0.0000	1.1957	1.0692	0.9153
25	690	1.8426	1.5693	0.0000	1.1965	1.0711	0.9127
25	691	1.8909	1.5753	0.0000	1.1967	1.0746	0.9093
25	692	1.9383	1.5787	0.0000	1.1972	1.0791	0.9061
25	693	1.9853	1.5791	0.0000	1.1983	1.0796	0.9048
25	694	2.0318	1.5760	0.0000	1.2000	1.0753	0.9061
26	697	1.0420	1.6450	0.0000	1.2162	1.1337	0.9314
26	698	1.0924	1.6455	0.0000	1.2305	1.1322	0.9270
26	699	1.1440	1.6540	0.0000	1.2400	1.1300	0.9225
26	700	1.1954	1.6657	0.0000	1.2457	1.1285	0.9178
26	701	1.2465	1.6768	0.0000	1.2508	1.1275	0.9230
26	702	1.2967	1.6874	0.0000	1.2510	1.1256	0.9197
26	703	1.3467	1.6964	0.0000	1.2465	1.1232	0.9170
26	704	1.3959	1.7016	0.0000	1.2430	1.1214	0.9144
26	705	1.4442	1.7026	0.0000	1.2420	1.1147	0.9150
26	706	1.4935	1.6997	0.0000	1.2428	1.1045	0.9172
26	707	1.5424	1.6926	0.0000	1.2435	1.0937	0.9205
26	708	1.5910	1.6825	0.0000	1.2443	1.0814	0.9247
26	709	1.6412	1.6703	0.0000	1.2440	1.0680	0.9289
26	710	1.6922	1.6568	0.0000	1.2418	1.0544	0.9328
26	711	1.7436	1.6444	0.0000	1.2338	1.0401	0.9367
26	712	1.7941	1.6360	0.0000	1.2248	1.0264	0.9411
26	713	1.8444	1.6347	0.0000	1.2155	1.0122	0.9457
26	714	1.8935	1.6396	0.0000	1.2010	0.9982	0.9504
26	715	1.9409	1.6474	0.0000	1.1817	0.9852	0.9551
26	716	1.9870	1.6564	0.0000	1.1615	0.9721	0.9608
26	717	2.0323	1.6649	0.0000	1.1450	0.9602	0.9667
26	718	2.0772	1.6706	0.0000	1.1305	0.9490	0.9727
26	719	2.1216	1.6713	0.0000	1.1218	0.9389	0.9788
26	720	2.1649	1.6680	0.0000	1.1215	0.9300	0.9849
26	721	2.2082	1.6619	0.0000	1.1270	0.9216	0.9918
27	735	1.8092	1.6691	0.0000	1.2850	1.0532	0.7061
27	736	1.8628	1.6718	0.0000	1.2787	1.0449	0.7051
27	737	1.9155	1.6783	0.0000	1.2702	1.0378	0.7047
27	738	1.9666	1.6850	0.0000	1.2592	1.0320	0.7047
27	739	2.0177	1.6935	0.0000	1.2438	1.0260	0.7056
27	740	2.0668	1.7013	0.0000	1.2268	1.0200	0.7077
27	741	2.1144	1.7081	0.0000	1.2067	1.0135	0.7111
28	759	1.1203	1.6880	0.0000	1.1630	1.8080	0.6885
28	760	1.1668	1.6941	0.0000	1.1715	1.8070	0.6865
28	761	1.2149	1.6986	0.0000	1.1755	1.8059	0.6841
28	762	1.2621	1.7003	0.0000	1.1840	1.8063	0.6817
28	763	1.3095	1.6980	0.0000	1.1920	1.8074	0.6794
29	784	1.0966	1.6458	0.0000	1.1590	1.2093	0.8733
29	785	1.1437	1.6519	0.0000	1.1705	1.2131	0.8688
29	786	1.1906	1.6576	0.0000	1.1783	1.2140	0.8654
29	787	1.2371	1.6629	0.0000	1.1837	1.2139	0.8627
29	788	1.2840	1.6668	0.0000	1.1840	1.2119	0.8609
29	789	1.3311	1.6685	0.0000	1.1835	1.2087	0.8599
29	790	1.3786	1.6672	0.0000	1.1833	1.2036	0.8593
29	791	1.4266	1.6637	0.0000	1.1817	1.1980	0.8592
29	792	1.4746	1.6573	0.0000	1.1820	1.1906	0.8600
29	793	1.5225	1.6491	0.0000	1.1765	1.1823	0.8611
29	794	1.5700	1.6403	0.0000	1.1673	1.1735	0.8629
29	795	1.6170	1.6339	0.0000	1.1540	1.1637	0.8654
29	796	1.6633	1.6302	0.0000	1.1380	1.1539	0.8693
29	797	1.7099	1.6326	0.0000	1.1203	1.1440	0.8740
29	798	1.7546	1.6353	0.0000	1.1028	1.1362	0.8777
29	799	1.7980	1.6401	0.0000	1.0875	1.1281	0.8826
29	800	1.8402	1.6452	0.0000	1.0755	1.1198	0.8869
29	801	1.8818	1.6506	0.0000	1.0685	1.1120	0.8907
29	802	1.9227	1.6536	0.0000	1.0635	1.1044	0.8953
29	803	1.9636	1.6540	0.0000	1.0637	1.0965	0.8990
29	804	2.0050	1.6523	0.0000	1.0692	1.0875	0.9033
29	805	2.0472	1.6484	0.0000	1.0768	1.0776	0.9075
30	807	1.0077	1.5880	0.0000	1.1202	1.1276	0.9508
30	808	1.0511	1.5807	0.0000	1.1327	1.1290	0.9511
30	809	1.0969	1.5741	0.0000	1.1345	1.1288	0.9517
30	810	1.1437	1.5691	0.0000	1.1382	1.1272	0.9529
30	811	1.1923	1.5680	0.0000	1.1402	1.1249	0.9539
30	812	1.2412	1.5700	0.0000	1.1412	1.1224	0.9539
30	813	1.2885	1.5743	0.0000	1.1438	1.1199	0.9532
30	814	1.3323	1.5798	0.0000	1.1412	1.1200	0.9510
30	815	1.3763	1.5842	0.0000	1.1373	1.1194	0.9486
30	816	1.4204	1.5877	0.0000	1.1287	1.1162	0.9466
30	817	1.4642	1.5888	0.0000	1.1192	1.1122	0.9454
30	818	1.5086	1.5883	0.0000	1.1130	1.1070	0.9436
30	819	1.5534	1.5858	0.0000	1.1135	1.1019	0.9424
30	820	1.5986	1.5810	0.0000	1.1145	1.0969	0.9410
30	821	1.6438	1.5753	0.0000	1.1140	1.0914	0.9402
30	822	1.6889	1.5671	0.0000	1.1110	1.0851	0.9408
30	823	1.7337	1.5582	0.0000	1.1053	1.0785	0.9426
30	824	1.7777	1.5508	0.0000	1.0998	1.0718	0.9449
30	825	1.8221	1.5460	0.0000	1.0960	1.0638	0.9480
31	826	0.8217	1.6729	0.0000	1.1193	1.0443	1.0741
30	826	1.8660	1.5474	0.0000	1.0915	1.0549	0.9527
31	827	0.8679	1.6825	0.0000	1.1440	1.0407	1.0742
30	827	1.9086	1.5518	0.0000	1.0868	1.0464	0.9583
31	828	0.9133	1.6900	0.0000	1.1630	1.0374	1.0742
30	828	1.9507	1.5596	0.0000	1.0832	1.0387	0.9633
31	829	0.9587	1.6972	0.0000	1.1798	1.0346	1.0732
30	829	1.9933	1.5668	0.0000	1.0822	1.0307	0.9684
31	830	1.0068	1.7024	0.0000	1.1943	1.0302	1.0719
30	830	2.0370	1.5726	0.0000	1.0800	1.0208	0.9751
31	831	1.0558	1.7039	0.0000	1.2017	1.0246	1.0716
30	831	2.0804	1.5765	0.0000	1.0825	1.0097	0.9831
31	832	1.1058	1.7023	0.0000	1.2060	1.0178	1.0716
30	832	2.1236	1.5780	0.0000	1.0907	0.9980	0.9922
31	833	1.1556	1.6973	0.0000	1.2110	1.0114	1.0728
31	834	1.2047	1.6888	0.0000	1.2163	1.0059	1.0735
31	835	1.2540	1.6790	0.0000	1.2175	1.0001	1.0739
31	836	1.3024	1.6689	0.0000	1.2120	0.9966	1.0737
31	837	1.3503	1.6591	0.0000	1.2000	0.9946	1.0728
31	838	1.3977	1.6520	0.0000	1.1852	0.9942	1.0697
31	839	1.4452	1.6479	0.0000	1.1725	0.9949	1.0699
31	840	1.4938	1.6482	0.0000	1.1565	0.9952	1.0699
31	841	1.5406	1.6527	0.0000	1.1373	0.9961	1.0715
31	842	1.5858	1.6590	0.0000	1.1162	0.9952	1.0761
31	843	1.6297	1.6657	0.0000	1.0985	0.9946	1.0803
31	844	1.6737	1.6713	0.0000	1.0810	0.9929	1.0827
31	845	1.7166	1.6752	0.0000	1.0660	0.9906	1.0844
31	846	1.7573	1.6772	0.0000	1.0555	0.9889	1.0862
31	847	1.7968	1.6769	0.0000	1.0568	0.9881	1.0875
31	848	1.8371	1.6748	0.0000	1.0640	0.9861	1.0887
31	849	1.8776	1.6709	0.0000	1.0770	0.9830	1.0890
31	850	1.9202	1.6650	0.0000	1.0950	0.9771	1.0897
31	851	1.9628	1.6579	0.0000	1.1163	0.9707	1.0908
31	852	2.0085	1.6515	0.0000	1.1335	0.9603	1.0941
31	853	2.0553	1.6474	0.0000	1.1450	0.9477	1.0988
31	854	2.1045	1.6462	0.0000	1.1560	0.9324	1.1045
31	855	2.1546	1.6501	0.0000	1.1600	0.9135	1.1125
31	856	2.2038	1.6565	0.0000	1.1625	0.8936	1.1238
31	857	2.2502	1.6624	0.0000	1.1545	0.8771	1.1364
32	863	1.6393	1.7572	0.0000	1.0917	0.8735	0.7961
32	864	1.6841	1.7567	0.0000	1.0737	0.8697	0.7959
32	865	1.7259	1.7545	0.0000	1.0655	0.8685	0.7961
32	866	1.7692	1.7506	0.0000	1.0718	0.8656	0.7965
32	867	1.8104	1.7456	0.0000	1.0773	0.8649	0.7971
32	868	1.8518	1.7389	0.0000	1.0788	0.8637	0.7982
32	869	1.8938	1.7314	0.0000	1.0783	0.8607	0.8006
32	870	1.9360	1.7246	0.0000	1.0797	0.8532	0.8052
32	871	1.9789	1.7189	0.0000	1.0777	0.8431	0.8116
32	872	2.0257	1.7174	0.0000	1.0823	0.8297	0.8172
32	873	2.0708	1.7195	0.0000	1.0840	0.8198	0.8217
32	874	2.1154	1.7230	0.0000	1.0792	0.8124	0.8244
32	875	2.1578	1.7268	0.0000	1.0740	0.8067	0.8267
32	876	2.2003	1.7302	0.0000	1.0668	0.8022	0.8273
32	877	2.2433	1.7329	0.0000	1.0510	0.7980	0.8273
32	878	2.2854	1.7339	0.0000	1.0430	0.7950	0.8274
32	879	2.3255	1.7333	0.0000	1.0352	0.7952	0.8273
33	885	0.9843	1.5600	0.0000	1.1948	1.5892	0.7878
33	886	1.0376	1.5615	0.0000	1.1832	1.5817	0.7863
33	887	1.0887	1.5648	0.0000	1.1628	1.5769	0.7847
33	888	1.1355	1.5683	0.0000	1.1385	1.5785	0.7829
33	889	1.1805	1.5741	0.0000	1.1118	1.5793	0.7822
33	890	1.2229	1.5810	0.0000	1.0837	1.5799	0.7826
33	891	1.2624	1.5870	0.0000	1.0567	1.5814	0.7835
33	892	1.3000	1.5913	0.0000	1.0375	1.5834	0.7844
33	893	1.3372	1.5926	0.0000	1.0323	1.5840	0.7855
33	894	1.3766	1.5908	0.0000	1.0362	1.5813	0.7870
33	895	1.4178	1.5862	0.0000	1.0547	1.5753	0.7890
33	896	1.4603	1.5792	0.0000	1.0797	1.5666	0.7915
33	897	1.5037	1.5707	0.0000	1.1033	1.5564	0.7944
33	898	1.5484	1.5622	0.0000	1.1242	1.5443	0.7976
33	899	1.5950	1.5564	0.0000	1.1357	1.5312	0.8007
34	914	1.2601	1.6041	0.0000	1.0228	1.0312	0.8884
34	915	1.2994	1.5994	0.0000	1.0415	1.0467	0.8854
34	916	1.3396	1.5961	0.0000	1.0635	1.0588	0.8828
34	917	1.3833	1.5956	0.0000	1.0828	1.0630	0.8813
34	918	1.4272	1.5978	0.0000	1.1000	1.0640	0.8800
34	919	1.4734	1.6036	0.0000	1.1152	1.0581	0.8800
34	920	1.5203	1.6118	0.0000	1.1285	1.0473	0.8809
34	921	1.5680	1.6212	0.0000	1.1395	1.0345	0.8821
34	922	1.6150	1.6286	0.0000	1.1420	1.0229	0.8832
34	923	1.6609	1.6338	0.0000	1.1425	1.0135	0.8838
34	924	1.7062	1.6378	0.0000	1.1370	1.0057	0.8844
34	925	1.7508	1.6400	0.0000	1.1268	0.9989	0.8856
34	926	1.7954	1.6398	0.0000	1.1123	0.9922	0.8870
34	927	1.8401	1.6374	0.0000	1.0982	0.9853	0.8889
34	928	1.8842	1.6333	0.0000	1.0863	0.9796	0.8910
34	929	1.9282	1.6267	0.0000	1.0747	0.9744	0.8930
34	930	1.9710	1.6181	0.0000	1.0637	0.9702	0.8951
34	931	2.0129	1.6094	0.0000	1.0482	0.9650	0.8979
34	932	2.0543	1.6020	0.0000	1.0337	0.9595	0.9010
34	933	2.0954	1.5974	0.0000	1.0195	0.9551	0.9038
34	934	2.1361	1.5966	0.0000	1.0035	0.9497	0.9071
34	935	2.1763	1.5986	0.0000	0.9885	0.9436	0.9107
35	945	1.3573	1.5882	0.0000	1.0490	1.1932	0.7967
35	946	1.3990	1.5920	0.0000	1.0373	1.1931	0.7975
35	947	1.4398	1.5976	0.0000	1.0253	1.1963	0.7974
35	948	1.4792	1.6029	0.0000	1.0165	1.2026	0.7971
35	949	1.5183	1.6078	0.0000	1.0095	1.2115	0.7963
35	950	1.5575	1.6104	0.0000	1.0090	1.2217	0.7950
35	951	1.5973	1.6099	0.0000	1.0128	1.2327	0.7935
35	952	1.6367	1.6051	0.0000	1.0240	1.2441	0.7923
35	953	1.6773	1.5988	0.0000	1.0417	1.2521	0.7920
35	954	1.7183	1.5904	0.0000	1.0620	1.2552	0.7936
35	955	1.7609	1.5821	0.0000	1.0822	1.2535	0.7962
35	956	1.8041	1.5735	0.0000	1.0997	1.2476	0.7999
35	957	1.8494	1.5675	0.0000	1.1150	1.2369	0.8046
35	958	1.8959	1.5644	0.0000	1.1237	1.2241	0.8089
39	1123	1.0865	1.5932	0.0000	1.2782	1.2366	0.8661
39	1124	1.1400	1.5842	0.0000	1.2838	1.2254	0.8661
39	1125	1.1954	1.5758	0.0000	1.2805	1.2107	0.8667
39	1126	1.2500	1.5696	0.0000	1.2715	1.1955	0.8684
39	1127	1.3038	1.5686	0.0000	1.2567	1.1803	0.8699
39	1128	1.3547	1.5719	0.0000	1.2345	1.1686	0.8712
39	1129	1.4031	1.5774	0.0000	1.2087	1.1609	0.8717
39	1130	1.4487	1.5846	0.0000	1.1802	1.1574	0.8715
39	1131	1.4933	1.5922	0.0000	1.1592	1.1562	0.8706
39	1132	1.5371	1.5999	0.0000	1.1457	1.1570	0.8694
39	1133	1.5803	1.6054	0.0000	1.1428	1.1601	0.8684
39	1134	1.6235	1.6075	0.0000	1.1502	1.1645	0.8675
39	1135	1.6675	1.6062	0.0000	1.1657	1.1693	0.8671
39	1136	1.7137	1.6017	0.0000	1.1865	1.1728	0.8670
39	1137	1.7621	1.5939	0.0000	1.2133	1.1735	0.8670
39	1138	1.8118	1.5838	0.0000	1.2350	1.1687	0.8673
39	1139	1.8632	1.5729	0.0000	1.2513	1.1568	0.8687
39	1140	1.9150	1.5637	0.0000	1.2580	1.1388	0.8721
39	1141	1.9679	1.5576	0.0000	1.2570	1.1158	0.8770
39	1142	2.0224	1.5573	0.0000	1.2455	1.0900	0.8823
40	1148	1.1242	1.6365	0.0000	1.1790	1.1790	0.8788
40	1149	1.1720	1.6284	0.0000	1.1755	1.1720	0.8806
40	1150	1.2197	1.6271	0.0000	1.1720	1.1655	0.8832
40	1151	1.2679	1.6328	0.0000	1.1607	1.1584	0.8869
40	1152	1.3151	1.6406	0.0000	1.1457	1.1525	0.8913
40	1153	1.3610	1.6490	0.0000	1.1322	1.1487	0.8951
40	1154	1.4052	1.6570	0.0000	1.1220	1.1464	0.8986
40	1155	1.4496	1.6625	0.0000	1.1133	1.1429	0.9020
40	1156	1.4927	1.6652	0.0000	1.1110	1.1398	0.9051
40	1157	1.5346	1.6642	0.0000	1.1170	1.1368	0.9084
40	1158	1.5771	1.6602	0.0000	1.1340	1.1319	0.9120
40	1159	1.6208	1.6545	0.0000	1.1578	1.1257	0.9161
40	1160	1.6650	1.6471	0.0000	1.1862	1.1206	0.9199
40	1161	1.7123	1.6394	0.0000	1.2102	1.1136	0.9238
40	1162	1.7619	1.6327	0.0000	1.2278	1.1050	0.9275
40	1163	1.8146	1.6292	0.0000	1.2397	1.0920	0.9321
40	1164	1.8683	1.6315	0.0000	1.2440	1.0776	0.9377
40	1165	1.9241	1.6403	0.0000	1.2418	1.0613	0.9431
40	1166	1.9768	1.6503	0.0000	1.2328	1.0494	0.9486
40	1167	2.0257	1.6594	0.0000	1.2210	1.0417	0.9532
40	1168	2.0730	1.6684	0.0000	1.2015	1.0369	0.9564
41	1191	2.0875	1.6608	0.0000	1.1917	0.9227	0.6704
41	1192	2.1370	1.6534	0.0000	1.1955	0.9145	0.6690
41	1193	2.1876	1.6477	0.0000	1.1968	0.9050	0.6679
41	1194	2.2378	1.6478	0.0000	1.1872	0.8955	0.6672
42	1215	1.0272	1.6273	0.0000	1.1815	2.0487	0.6572
42	1216	1.0761	1.6328	0.0000	1.1705	2.0339	0.6576
43	1238	0.9867	1.6412	0.0000	1.1077	1.0900	0.9667
43	1239	1.0313	1.6475	0.0000	1.1030	1.0895	0.9634
43	1240	1.0753	1.6536	0.0000	1.0960	1.0899	0.9598
43	1241	1.1182	1.6586	0.0000	1.0877	1.0888	0.9569
43	1242	1.1607	1.6626	0.0000	1.0792	1.0872	0.9559
43	1243	1.2025	1.6650	0.0000	1.0675	1.0859	0.9551
43	1244	1.2440	1.6654	0.0000	1.0602	1.0832	0.9557
43	1245	1.2856	1.6640	0.0000	1.0558	1.0792	0.9565
43	1246	1.3276	1.6607	0.0000	1.0565	1.0761	0.9574
43	1247	1.3711	1.6567	0.0000	1.0612	1.0715	0.9582
43	1248	1.4137	1.6504	0.0000	1.0628	1.0678	0.9595
43	1249	1.4554	1.6442	0.0000	1.0623	1.0653	0.9609
43	1250	1.4976	1.6396	0.0000	1.0612	1.0632	0.9625
43	1251	1.5408	1.6382	0.0000	1.0560	1.0615	0.9635
43	1252	1.5852	1.6412	0.0000	1.0452	1.0604	0.9635
43	1253	1.6276	1.6439	0.0000	1.0377	1.0629	0.9623
43	1254	1.6689	1.6475	0.0000	1.0328	1.0687	0.9595
43	1255	1.7101	1.6516	0.0000	1.0272	1.0786	0.9541
43	1256	1.7500	1.6546	0.0000	1.0235	1.0906	0.9481
43	1257	1.7892	1.6554	0.0000	1.0182	1.1015	0.9429
43	1258	1.8288	1.6549	0.0000	1.0205	1.1095	0.9385
43	1259	1.8685	1.6529	0.0000	1.0260	1.1136	0.9365
43	1260	1.9085	1.6491	0.0000	1.0328	1.1142	0.9365
43	1261	1.9502	1.6454	0.0000	1.0452	1.1098	0.9381
43	1262	1.9925	1.6406	0.0000	1.0597	1.1015	0.9416
43	1263	2.0358	1.6357	0.0000	1.0682	1.0927	0.9454
44	1267	1.1987	1.5962	0.0000	1.1547	1.0144	0.9239
44	1268	1.2466	1.6020	0.0000	1.1610	1.0095	0.9262
44	1269	1.2932	1.6069	0.0000	1.1585	1.0043	0.9293
44	1270	1.3392	1.6091	0.0000	1.1495	0.9992	0.9320
44	1271	1.3860	1.6098	0.0000	1.1338	0.9930	0.9335
44	1272	1.4318	1.6090	0.0000	1.1135	0.9876	0.9345
44	1273	1.4774	1.6066	0.0000	1.0885	0.9824	0.9346
44	1274	1.5210	1.6029	0.0000	1.0650	0.9787	0.9339
44	1275	1.5636	1.5974	0.0000	1.0448	0.9760	0.9326
44	1276	1.6049	1.5911	0.0000	1.0260	0.9744	0.9318
44	1277	1.6441	1.5825	0.0000	1.0140	0.9742	0.9315
44	1278	1.6820	1.5728	0.0000	1.0032	0.9740	0.9319
44	1279	1.7192	1.5635	0.0000	0.9970	0.9739	0.9334
44	1280	1.7571	1.5565	0.0000	0.9930	0.9722	0.9357
44	1281	1.7964	1.5554	0.0000	0.9955	0.9681	0.9390
44	1282	1.8374	1.5596	0.0000	0.9995	0.9603	0.9443
44	1283	1.8787	1.5670	0.0000	1.0073	0.9505	0.9512
44	1284	1.9198	1.5740	0.0000	1.0158	0.9410	0.9586
44	1285	1.9608	1.5799	0.0000	1.0245	0.9314	0.9649
44	1286	2.0031	1.5836	0.0000	1.0305	0.9207	0.9709
44	1287	2.0439	1.5836	0.0000	1.0338	0.9116	0.9768
44	1288	2.0849	1.5810	0.0000	1.0385	0.9028	0.9829
44	1289	2.1255	1.5783	0.0000	1.0467	0.8948	0.9895
44	1290	2.1669	1.5743	0.0000	1.0595	0.8861	0.9955
45	1291	1.0896	1.6602	0.0000	1.1432	1.1190	0.9111
44	1291	2.2086	1.5695	0.0000	1.0710	0.8780	1.0015
45	1292	1.1361	1.6565	0.0000	1.1432	1.1148	0.9079
44	1292	2.2509	1.5637	0.0000	1.0863	0.8701	1.0076
45	1293	1.1827	1.6498	0.0000	1.1420	1.1114	0.9055
45	1294	1.2288	1.6428	0.0000	1.1340	1.1097	0.9031
45	1295	1.2757	1.6364	0.0000	1.1247	1.1089	0.9006
45	1296	1.3211	1.6329	0.0000	1.1145	1.1104	0.8994
45	1297	1.3654	1.6336	0.0000	1.0965	1.1130	0.8988
45	1298	1.4097	1.6399	0.0000	1.0780	1.1136	0.8998
45	1299	1.4527	1.6489	0.0000	1.0630	1.1125	0.9029
45	1300	1.4938	1.6575	0.0000	1.0425	1.1129	0.9041
45	1301	1.5354	1.6659	0.0000	1.0235	1.1121	0.9051
45	1302	1.5747	1.6738	0.0000	1.0137	1.1122	0.9061
45	1303	1.6139	1.6787	0.0000	1.0068	1.1120	0.9075
45	1304	1.6540	1.6816	0.0000	1.0047	1.1105	0.9088
45	1305	1.6927	1.6822	0.0000	1.0145	1.1100	0.9098
45	1306	1.7305	1.6809	0.0000	1.0292	1.1098	0.9103
45	1307	1.7709	1.6775	0.0000	1.0573	1.1063	0.9111
45	1308	1.8124	1.6726	0.0000	1.0887	1.1007	0.9121
45	1309	1.8546	1.6670	0.0000	1.1152	1.0946	0.9136
45	1310	1.8996	1.6620	0.0000	1.1385	1.0853	0.9160
45	1311	1.9471	1.6601	0.0000	1.1620	1.0731	0.9197
45	1312	1.9976	1.6613	0.0000	1.1702	1.0578	0.9246
45	1313	2.0494	1.6660	0.0000	1.1722	1.0410	0.9304
45	1314	2.1001	1.6726	0.0000	1.1690	1.0265	0.9357
46	1332	1.7717	1.7103	0.0000	1.1620	1.0592	0.7094
46	1333	1.8148	1.7184	0.0000	1.1340	1.0566	0.7069
46	1334	1.8573	1.7247	0.0000	1.1065	1.0551	0.7034
46	1335	1.9007	1.7288	0.0000	1.0830	1.0520	0.6999
46	1336	1.9436	1.7311	0.0000	1.0592	1.0505	0.6968
46	1337	1.9861	1.7313	0.0000	1.0503	1.0496	0.6944
46	1338	2.0260	1.7295	0.0000	1.0518	1.0511	0.6926
46	1339	2.0665	1.7263	0.0000	1.0565	1.0537	0.6907
47	1357	0.9289	1.5772	0.0000	1.1110	1.9026	0.7078
47	1358	0.9748	1.5718	0.0000	1.1143	1.9040	0.7047
47	1359	1.0239	1.5715	0.0000	1.1065	1.9037	0.7019
47	1360	1.0750	1.5780	0.0000	1.0920	1.9020	0.6992
47	1361	1.1228	1.5850	0.0000	1.0710	1.9036	0.6968
47	1362	1.1672	1.5910	0.0000	1.0500	1.9084	0.6945
47	1363	1.2068	1.5970	0.0000	1.0305	1.9139	0.6933
48	1386	1.1503	1.6013	0.0000	1.0482	1.0429	0.9126
48	1387	1.1950	1.6001	0.0000	1.0685	1.0395	0.9101
48	1388	1.2410	1.6025	0.0000	1.0828	1.0367	0.9063
48	1389	1.2876	1.6081	0.0000	1.0923	1.0342	0.9027
48	1390	1.3335	1.6153	0.0000	1.0945	1.0332	0.8984
48	1391	1.3780	1.6222	0.0000	1.0897	1.0327	0.8943
48	1392	1.4219	1.6271	0.0000	1.0755	1.0326	0.8904
48	1393	1.4641	1.6303	0.0000	1.0572	1.0340	0.8871
48	1394	1.5055	1.6326	0.0000	1.0372	1.0346	0.8846
48	1395	1.5462	1.6335	0.0000	1.0200	1.0314	0.8842
48	1396	1.5862	1.6329	0.0000	1.0072	1.0258	0.8858
48	1397	1.6252	1.6309	0.0000	0.9975	1.0231	0.8870
48	1398	1.6639	1.6275	0.0000	0.9937	1.0238	0.8874
48	1399	1.7025	1.6224	0.0000	0.9923	1.0281	0.8873
48	1400	1.7415	1.6158	0.0000	0.9923	1.0340	0.8860
48	1401	1.7809	1.6088	0.0000	0.9930	1.0382	0.8856
48	1402	1.8209	1.6022	0.0000	0.9937	1.0424	0.8843
48	1403	1.8616	1.5976	0.0000	0.9937	1.0480	0.8813
48	1404	1.9024	1.5953	0.0000	0.9940	1.0565	0.8767
48	1405	1.9431	1.5969	0.0000	0.9912	1.0660	0.8711
48	1406	1.9834	1.6012	0.0000	0.9898	1.0738	0.8662
48	1407	2.0227	1.6065	0.0000	0.9880	1.0767	0.8636
48	1408	2.0614	1.6123	0.0000	0.9848	1.0763	0.8626
49	1420	1.3305	1.6253	0.0000	1.0595	1.2375	0.7897
49	1421	1.3714	1.6327	0.0000	1.0557	1.2472	0.7864
49	1422	1.4120	1.6350	0.0000	1.0580	1.2566	0.7834
49	1423	1.4525	1.6329	0.0000	1.0667	1.2655	0.7806
49	1424	1.4935	1.6263	0.0000	1.0802	1.2710	0.7789
49	1425	1.5369	1.6186	0.0000	1.0957	1.2718	0.7782
49	1426	1.5815	1.6086	0.0000	1.1092	1.2686	0.7784
49	1427	1.6267	1.5978	0.0000	1.1187	1.2626	0.7793
49	1428	1.6738	1.5892	0.0000	1.1248	1.2536	0.7807
49	1429	1.7215	1.5836	0.0000	1.1242	1.2416	0.7828
49	1430	1.7688	1.5820	0.0000	1.1158	1.2283	0.7850
49	1431	1.8151	1.5846	0.0000	1.1015	1.2145	0.7874
49	1432	1.8595	1.5878	0.0000	1.0845	1.2010	0.7900
49	1433	1.9024	1.5925	0.0000	1.0637	1.1881	0.7929
49	1434	1.9432	1.5974	0.0000	1.0407	1.1766	0.7959
50	1442	0.9257	1.6684	0.0000	1.0363	1.3362	0.8910
50	1443	0.9683	1.6744	0.0000	1.0430	1.3376	0.8898
50	1444	1.0112	1.6834	0.0000	1.0485	1.3404	0.8873
50	1445	1.0536	1.6920	0.0000	1.0532	1.3440	0.8837
50	1446	1.0962	1.7001	0.0000	1.0560	1.3472	0.8798
50	1447	1.1385	1.7059	0.0000	1.0585	1.3500	0.8762
50	1448	1.1807	1.7096	0.0000	1.0570	1.3507	0.8734
50	1449	1.2227	1.7108	0.0000	1.0550	1.3502	0.8718
50	1450	1.2647	1.7098	0.0000	1.0527	1.3488	0.8713
50	1451	1.3067	1.7068	0.0000	1.0480	1.3459	0.8719
50	1452	1.3491	1.7023	0.0000	1.0405	1.3417	0.8738
50	1453	1.3911	1.6963	0.0000	1.0337	1.3368	0.8768
50	1454	1.4332	1.6897	0.0000	1.0268	1.3319	0.8811
50	1455	1.4747	1.6827	0.0000	1.0195	1.3280	0.8867
50	1456	1.5154	1.6772	0.0000	1.0150	1.3249	0.8926
50	1457	1.5547	1.6746	0.0000	1.0108	1.3226	0.8996
50	1458	1.5942	1.6768	0.0000	1.0097	1.3199	0.9072
50	1459	1.6334	1.6809	0.0000	1.0100	1.3161	0.9155
50	1460	1.6725	1.6833	0.0000	1.0118	1.3112	0.9241
50	1461	1.7127	1.6864	0.0000	1.0165	1.3046	0.9325
50	1462	1.7534	1.6890	0.0000	1.0272	1.2964	0.9411
50	1463	1.7950	1.6927	0.0000	1.0395	1.2869	0.9493
50	1464	1.8372	1.6954	0.0000	1.0542	1.2769	0.9577
51	1484	1.9459	1.6031	0.0000	1.1135	0.7469	0.7520
51	1485	1.9877	1.6123	0.0000	1.1007	0.7432	0.7534
51	1486	2.0305	1.6185	0.0000	1.0765	0.7373	0.7546
51	1487	2.0756	1.6243	0.0000	1.0490	0.7283	0.7552
51	1488	2.1197	1.6287	0.0000	1.0087	0.7196	0.7550
51	1489	2.1611	1.6301	0.0000	0.9890	0.7125	0.7548
51	1490	2.2001	1.6289	0.0000	0.9865	0.7074	0.7549
51	1491	2.2362	1.6263	0.0000	0.9842	0.7045	0.7554
51	1492	2.2717	1.6224	0.0000	0.9705	0.7031	0.7561
51	1493	2.3043	1.6165	0.0000	0.9652	0.7050	0.7571
51	1494	2.3415	1.6070	0.0000	0.9510	0.7026	0.7584
51	1495	2.3823	1.5976	0.0000	0.9427	0.6975	0.7597
51	1496	2.4242	1.5891	0.0000	0.9542	0.6911	0.7614
52	1505	0.8708	1.7638	0.0000	1.0630	1.9108	0.7214
52	1506	0.9116	1.7634	0.0000	1.0787	1.9093	0.7196
52	1507	0.9536	1.7610	0.0000	1.1025	1.9081	0.7170
52	1508	0.9975	1.7569	0.0000	1.1290	1.9028	0.7149
52	1509	1.0432	1.7512	0.0000	1.1567	1.8979	0.7118
52	1510	1.0906	1.7437	0.0000	1.1785	1.8923	0.7086
52	1511	1.1393	1.7354	0.0000	1.1940	1.8923	0.7039
52	1512	1.1897	1.7283	0.0000	1.1990	1.8893	0.6999
52	1513	1.2412	1.7221	0.0000	1.1938	1.8785	0.6982
53	1534	1.1904	1.5352	0.0000	1.0502	1.0097	0.9127
53	1535	1.2320	1.5428	0.0000	1.0480	1.0089	0.9134
53	1536	1.2733	1.5518	0.0000	1.0445	1.0064	0.9153
53	1537	1.3152	1.5614	0.0000	1.0395	1.0022	0.9177
53	1538	1.3567	1.5688	0.0000	1.0355	0.9992	0.9199
53	1539	1.3980	1.5733	0.0000	1.0365	0.9965	0.9220
53	1540	1.4386	1.5767	0.0000	1.0452	0.9957	0.9240
53	1541	1.4791	1.5782	0.0000	1.0560	0.9949	0.9255
53	1542	1.5201	1.5769	0.0000	1.0658	0.9937	0.9269
53	1543	1.5618	1.5726	0.0000	1.0745	0.9924	0.9277
53	1544	1.6050	1.5658	0.0000	1.0798	0.9892	0.9277
53	1545	1.6501	1.5584	0.0000	1.0857	0.9838	0.9280
53	1546	1.6957	1.5521	0.0000	1.0933	0.9773	0.9280
53	1547	1.7415	1.5482	0.0000	1.0952	0.9695	0.9281
53	1548	1.7865	1.5489	0.0000	1.0915	0.9611	0.9293
53	1549	1.8299	1.5525	0.0000	1.0828	0.9534	0.9309
53	1550	1.8729	1.5565	0.0000	1.0715	0.9456	0.9334
53	1551	1.9164	1.5609	0.0000	1.0628	0.9363	0.9358
53	1552	1.9582	1.5647	0.0000	1.0585	0.9285	0.9400
53	1553	1.9984	1.5689	0.0000	1.0553	0.9226	0.9440
53	1554	2.0381	1.5714	0.0000	1.0482	0.9175	0.9487
54	1555	0.8939	1.6483	0.0000	1.1153	1.1848	0.9671
53	1555	2.0787	1.5716	0.0000	1.0362	0.9125	0.9536
54	1556	0.9401	1.6612	0.0000	1.1305	1.1807	0.9643
53	1556	2.1208	1.5699	0.0000	1.0222	0.9071	0.9579
54	1557	0.9861	1.6710	0.0000	1.1385	1.1788	0.9605
53	1557	2.1649	1.5666	0.0000	1.0155	0.9005	0.9619
54	1558	1.0307	1.6800	0.0000	1.1475	1.1779	0.9570
53	1558	2.2086	1.5629	0.0000	1.0158	0.8953	0.9647
54	1559	1.0771	1.6881	0.0000	1.1555	1.1721	0.9555
54	1560	1.1220	1.6919	0.0000	1.1592	1.1654	0.9552
54	1561	1.1678	1.6922	0.0000	1.1670	1.1575	0.9556
54	1562	1.2144	1.6890	0.0000	1.1735	1.1500	0.9557
54	1563	1.2613	1.6832	0.0000	1.1797	1.1434	0.9557
54	1564	1.3097	1.6747	0.0000	1.1808	1.1359	0.9556
54	1565	1.3576	1.6643	0.0000	1.1862	1.1295	0.9554
54	1566	1.4069	1.6530	0.0000	1.1828	1.1217	0.9551
54	1567	1.4555	1.6429	0.0000	1.1690	1.1141	0.9556
54	1568	1.5026	1.6352	0.0000	1.1527	1.1072	0.9558
54	1569	1.5494	1.6334	0.0000	1.1327	1.1003	0.9566
54	1570	1.5965	1.6368	0.0000	1.1115	1.0939	0.9566
54	1571	1.6409	1.6426	0.0000	1.0852	1.0912	0.9558
54	1572	1.6820	1.6484	0.0000	1.0592	1.0936	0.9540
54	1573	1.7224	1.6551	0.0000	1.0398	1.0980	0.9516
54	1574	1.7628	1.6601	0.0000	1.0245	1.1029	0.9483
54	1575	1.8022	1.6626	0.0000	1.0132	1.1089	0.9453
54	1576	1.8410	1.6621	0.0000	1.0127	1.1161	0.9422
54	1577	1.8792	1.6585	0.0000	1.0242	1.1218	0.9406
54	1578	1.9185	1.6531	0.0000	1.0470	1.1223	0.9410
54	1579	1.9592	1.6463	0.0000	1.0718	1.1202	0.9424
54	1580	2.0018	1.6387	0.0000	1.0980	1.1154	0.9449
55	1591	1.4611	1.6781	0.0000	1.0850	1.0388	0.8072
55	1592	1.5052	1.6704	0.0000	1.1012	1.0350	0.8061
55	1593	1.5490	1.6617	0.0000	1.1170	1.0312	0.8047
55	1594	1.5938	1.6542	0.0000	1.1207	1.0267	0.8033
55	1595	1.6397	1.6484	0.0000	1.1223	1.0221	0.8020
55	1596	1.6861	1.6463	0.0000	1.1227	1.0162	0.8018
55	1597	1.7327	1.6489	0.0000	1.1165	1.0091	0.8025
55	1598	1.7792	1.6543	0.0000	1.1100	1.0017	0.8039
55	1599	1.8228	1.6594	0.0000	1.1015	0.9958	0.8061
55	1600	1.8666	1.6656	0.0000	1.0880	0.9891	0.8085
55	1601	1.9102	1.6717	0.0000	1.0745	0.9818	0.8110
55	1602	1.9518	1.6769	0.0000	1.0637	0.9752	0.8132
55	1603	1.9930	1.6808	0.0000	1.0505	0.9679	0.8152
55	1604	2.0344	1.6826	0.0000	1.0437	0.9613	0.8165
55	1605	2.0749	1.6813	0.0000	1.0400	0.9548	0.8178
55	1606	2.1159	1.6774	0.0000	1.0320	0.9477	0.8189
55	1607	2.1582	1.6716	0.0000	1.0300	0.9397	0.8198
55	1608	2.1994	1.6624	0.0000	1.0275	0.9336	0.8205
56	1616	1.0195	1.6093	0.0000	1.0272	1.5012	0.7941
56	1617	1.0606	1.6157	0.0000	1.0283	1.4999	0.7926
56	1618	1.1016	1.6221	0.0000	1.0300	1.4981	0.7914
56	1619	1.1425	1.6280	0.0000	1.0350	1.4972	0.7904
56	1620	1.1834	1.6334	0.0000	1.0430	1.4980	0.7890
56	1621	1.2241	1.6376	0.0000	1.0582	1.5001	0.7876
56	1622	1.2652	1.6391	0.0000	1.0818	1.5023	0.7868
56	1623	1.3066	1.6372	0.0000	1.1092	1.5062	0.7859
56	1624	1.3499	1.6324	0.0000	1.1380	1.5091	0.7850
56	1625	1.3949	1.6259	0.0000	1.1635	1.5098	0.7844
56	1626	1.4428	1.6181	0.0000	1.1840	1.5067	0.7843
56	1627	1.4933	1.6107	0.0000	1.1947	1.5004	0.7845
56	1628	1.5453	1.6034	0.0000	1.1962	1.4909	0.7853
56	1629	1.5977	1.5999	0.0000	1.1862	1.4808	0.7861
56	1630	1.6488	1.6008	0.0000	1.1678	1.4699	0.7876
57	1641	1.0583	1.6607	0.0000	1.0850	1.0361	0.9607
57	1642	1.1019	1.6565	0.0000	1.1018	1.0357	0.9611
57	1643	1.1468	1.6513	0.0000	1.1180	1.0333	0.9621
57	1644	1.1924	1.6458	0.0000	1.1275	1.0277	0.9649
57	1645	1.2389	1.6415	0.0000	1.1342	1.0186	0.9688
57	1646	1.2856	1.6390	0.0000	1.1365	1.0080	0.9738
57	1647	1.3338	1.6422	0.0000	1.1335	0.9958	0.9787
57	1648	1.3806	1.6465	0.0000	1.1272	0.9850	0.9837
57	1649	1.4255	1.6506	0.0000	1.1195	0.9781	0.9881
57	1650	1.4695	1.6548	0.0000	1.1100	0.9733	0.9923
57	1651	1.5129	1.6589	0.0000	1.1045	0.9685	0.9969
57	1652	1.5553	1.6620	0.0000	1.0952	0.9640	1.0022
57	1653	1.5977	1.6635	0.0000	1.0910	0.9601	1.0066
57	1654	1.6402	1.6628	0.0000	1.0915	0.9557	1.0107
57	1655	1.6829	1.6597	0.0000	1.0992	0.9504	1.0145
57	1656	1.7274	1.6559	0.0000	1.1085	0.9426	1.0190
57	1657	1.7719	1.6504	0.0000	1.1178	0.9353	1.0230
57	1658	1.8170	1.6428	0.0000	1.1205	0.9276	1.0263
57	1659	1.8621	1.6347	0.0000	1.1223	0.9199	1.0295
57	1660	1.9092	1.6299	0.0000	1.1197	0.9125	1.0317
57	1661	1.9563	1.6281	0.0000	1.1125	0.9070	1.0328
57	1662	2.0024	1.6304	0.0000	1.1010	0.9058	1.0321
58	1663	1.0158	1.5757	0.0000	1.1460	1.0301	0.9839
57	1663	2.0459	1.6329	0.0000	1.0880	0.9097	1.0310
58	1664	1.0626	1.5701	0.0000	1.1467	1.0265	0.9819
57	1664	2.0891	1.6372	0.0000	1.0780	0.9151	1.0301
58	1665	1.1100	1.5650	0.0000	1.1423	1.0208	0.9819
57	1665	2.1308	1.6403	0.0000	1.0673	0.9211	1.0299
58	1666	1.1592	1.5642	0.0000	1.1377	1.0132	0.9833
57	1666	2.1724	1.6443	0.0000	1.0575	0.9261	1.0313
58	1667	1.2082	1.5671	0.0000	1.1337	1.0041	0.9869
58	1668	1.2542	1.5715	0.0000	1.1245	0.9980	0.9900
58	1669	1.2980	1.5771	0.0000	1.1168	0.9953	0.9930
58	1670	1.3400	1.5822	0.0000	1.1047	0.9961	0.9949
58	1671	1.3819	1.5857	0.0000	1.0890	0.9974	0.9966
58	1672	1.4239	1.5869	0.0000	1.0735	0.9996	0.9982
58	1673	1.4656	1.5851	0.0000	1.0637	1.0027	0.9998
58	1674	1.5093	1.5817	0.0000	1.0607	1.0046	1.0017
58	1675	1.5519	1.5757	0.0000	1.0625	1.0079	1.0041
58	1676	1.5948	1.5681	0.0000	1.0648	1.0117	1.0069
58	1677	1.6376	1.5592	0.0000	1.0642	1.0141	1.0093
58	1678	1.6797	1.5501	0.0000	1.0625	1.0158	1.0117
58	1679	1.7223	1.5429	0.0000	1.0585	1.0146	1.0149
58	1680	1.7650	1.5399	0.0000	1.0592	1.0113	1.0185
58	1681	1.8078	1.5422	0.0000	1.0605	1.0064	1.0216
58	1682	1.8496	1.5473	0.0000	1.0610	1.0016	1.0249
58	1683	1.8906	1.5540	0.0000	1.0625	0.9971	1.0282
58	1684	1.9327	1.5603	0.0000	1.0653	0.9916	1.0320
58	1685	1.9756	1.5652	0.0000	1.0675	0.9846	1.0363
58	1686	2.0190	1.5673	0.0000	1.0692	0.9764	1.0414
59	1687	1.1214	1.6655	0.0000	1.1377	0.9406	0.9801
58	1687	2.0620	1.5668	0.0000	1.0768	0.9665	1.0487
59	1688	1.1686	1.6635	0.0000	1.1412	0.9361	0.9784
58	1688	2.1047	1.5642	0.0000	1.0887	0.9557	1.0572
59	1689	1.2167	1.6663	0.0000	1.1468	0.9317	0.9774
58	1689	2.1484	1.5595	0.0000	1.0987	0.9416	1.0676
59	1690	1.2649	1.6728	0.0000	1.1462	0.9271	0.9774
58	1690	2.1920	1.5541	0.0000	1.1080	0.9268	1.0788
59	1691	1.3105	1.6785	0.0000	1.1455	0.9250	0.9776
59	1692	1.3548	1.6847	0.0000	1.1402	0.9255	0.9774
59	1693	1.3991	1.6907	0.0000	1.1265	0.9270	0.9764
59	1694	1.4450	1.6942	0.0000	1.1073	0.9272	0.9747
59	1695	1.4888	1.6954	0.0000	1.0900	0.9300	0.9730
59	1696	1.5332	1.6936	0.0000	1.0782	0.9307	0.9711
59	1697	1.5775	1.6912	0.0000	1.0735	0.9280	0.9707
59	1698	1.6192	1.6839	0.0000	1.0665	0.9264	0.9713
59	1699	1.6596	1.6767	0.0000	1.0533	0.9251	0.9727
59	1700	1.7009	1.6697	0.0000	1.0433	0.9221	0.9754
59	1701	1.7418	1.6649	0.0000	1.0348	0.9183	0.9788
59	1702	1.7842	1.6635	0.0000	1.0285	0.9129	0.9822
59	1703	1.8257	1.6671	0.0000	1.0300	0.9071	0.9873
59	1704	1.8663	1.6720	0.0000	1.0330	0.9033	0.9930
59	1705	1.9061	1.6776	0.0000	1.0325	0.8992	0.9996
59	1706	1.9471	1.6819	0.0000	1.0310	0.8939	1.0062
59	1707	1.9889	1.6857	0.0000	1.0272	0.8872	1.0121
59	1708	2.0312	1.6867	0.0000	1.0300	0.8799	1.0177
59	1709	2.0728	1.6848	0.0000	1.0435	0.8735	1.0229
59	1710	2.1139	1.6821	0.0000	1.0600	0.8657	1.0292
59	1711	2.1542	1.6776	0.0000	1.0782	0.8582	1.0353
59	1712	2.1951	1.6734	0.0000	1.0973	0.8501	1.0416
59	1713	2.2377	1.6693	0.0000	1.1060	0.8413	1.0467
59	1714	2.2837	1.6668	0.0000	1.1128	0.8304	1.0514
62	1808	1.3243	1.6152	0.0000	1.0460	1.0789	0.8400
62	1809	1.3641	1.6179	0.0000	1.0298	1.0776	0.8388
62	1810	1.4036	1.6181	0.0000	1.0202	1.0781	0.8374
62	1811	1.4426	1.6167	0.0000	1.0147	1.0792	0.8369
62	1812	1.4818	1.6143	0.0000	1.0137	1.0804	0.8366
62	1813	1.5213	1.6105	0.0000	1.0187	1.0814	0.8367
62	1814	1.5617	1.6051	0.0000	1.0322	1.0824	0.8370
62	1815	1.6030	1.5990	0.0000	1.0482	1.0830	0.8372
62	1816	1.6451	1.5935	0.0000	1.0672	1.0826	0.8377
62	1817	1.6881	1.5908	0.0000	1.0855	1.0800	0.8384
62	1818	1.7318	1.5905	0.0000	1.1025	1.0750	0.8398
62	1819	1.7770	1.5947	0.0000	1.1180	1.0679	0.8415
62	1820	1.8229	1.6019	0.0000	1.1300	1.0594	0.8432
62	1821	1.8695	1.6104	0.0000	1.1407	1.0498	0.8454
62	1822	1.9160	1.6170	0.0000	1.1478	1.0392	0.8490
62	1823	1.9623	1.6220	0.0000	1.1527	1.0284	0.8532
62	1824	2.0089	1.6247	0.0000	1.1555	1.0185	0.8573
62	1825	2.0550	1.6255	0.0000	1.1540	1.0103	0.8615
62	1826	2.1014	1.6244	0.0000	1.1500	1.0043	0.8651
63	1837	1.2672	1.6263	0.0000	1.0242	1.3125	0.7762
63	1838	1.3080	1.6181	0.0000	1.0437	1.3111	0.7742
63	1839	1.3507	1.6106	0.0000	1.0675	1.3061	0.7726
63	1840	1.3945	1.6057	0.0000	1.0882	1.2990	0.7715
63	1841	1.4398	1.6048	0.0000	1.1075	1.2904	0.7707
63	1842	1.4859	1.6075	0.0000	1.1227	1.2805	0.7708
63	1843	1.5330	1.6133	0.0000	1.1300	1.2697	0.7711
63	1844	1.5800	1.6209	0.0000	1.1295	1.2605	0.7712
63	1845	1.6258	1.6279	0.0000	1.1275	1.2531	0.7713
63	1846	1.6714	1.6364	0.0000	1.1223	1.2483	0.7707
63	1847	1.7163	1.6454	0.0000	1.1185	1.2460	0.7696
63	1848	1.7600	1.6528	0.0000	1.1153	1.2466	0.7682
63	1849	1.8025	1.6556	0.0000	1.1150	1.2498	0.7667
63	1850	1.8455	1.6549	0.0000	1.1190	1.2545	0.7648
64	1862	1.0066	1.6537	0.0000	1.0552	1.3835	0.8466
64	1863	1.0477	1.6598	0.0000	1.0500	1.3836	0.8457
64	1864	1.0885	1.6638	0.0000	1.0477	1.3840	0.8446
64	1865	1.1293	1.6648	0.0000	1.0483	1.3842	0.8435
64	1866	1.1708	1.6640	0.0000	1.0515	1.3842	0.8420
64	1867	1.2127	1.6606	0.0000	1.0587	1.3852	0.8405
64	1868	1.2553	1.6562	0.0000	1.0680	1.3868	0.8390
64	1869	1.2985	1.6512	0.0000	1.0782	1.3895	0.8371
64	1870	1.3420	1.6457	0.0000	1.0890	1.3939	0.8354
64	1871	1.3857	1.6405	0.0000	1.0970	1.3992	0.8333
64	1872	1.4301	1.6381	0.0000	1.1028	1.4041	0.8321
64	1873	1.4749	1.6398	0.0000	1.1072	1.4076	0.8318
64	1874	1.5198	1.6468	0.0000	1.1097	1.4085	0.8321
64	1875	1.5649	1.6562	0.0000	1.1120	1.4055	0.8337
64	1876	1.6096	1.6641	0.0000	1.1138	1.3994	0.8369
64	1877	1.6538	1.6705	0.0000	1.1142	1.3909	0.8409
64	1878	1.6982	1.6754	0.0000	1.1140	1.3797	0.8461
64	1879	1.7424	1.6784	0.0000	1.1122	1.3675	0.8516
65	1882	0.9043	1.5959	0.0000	1.2098	0.9715	1.0806
65	1883	0.9531	1.5865	0.0000	1.2100	0.9674	1.0765
65	1884	1.0016	1.5770	0.0000	1.2077	0.9631	1.0733
65	1885	1.0506	1.5696	0.0000	1.2025	0.9582	1.0707
65	1886	1.1003	1.5677	0.0000	1.1917	0.9520	1.0685
65	1887	1.1503	1.5724	0.0000	1.1758	0.9446	1.0675
65	1888	1.1981	1.5775	0.0000	1.1545	0.9385	1.0677
65	1889	1.2446	1.5840	0.0000	1.1297	0.9325	1.0692
65	1890	1.2900	1.5916	0.0000	1.1068	0.9264	1.0720
65	1891	1.3334	1.5973	0.0000	1.0840	0.9217	1.0750
65	1892	1.3746	1.5998	0.0000	1.0622	0.9194	1.0781
65	1893	1.4149	1.6004	0.0000	1.0477	0.9175	1.0815
65	1894	1.4535	1.5977	0.0000	1.0430	0.9180	1.0845
65	1895	1.4933	1.5941	0.0000	1.0460	0.9183	1.0872
65	1896	1.5339	1.5898	0.0000	1.0618	0.9180	1.0904
65	1897	1.5752	1.5843	0.0000	1.0825	0.9185	1.0930
65	1898	1.6172	1.5782	0.0000	1.1035	0.9180	1.0953
65	1899	1.6618	1.5751	0.0000	1.1282	0.9152	1.0974
65	1900	1.7084	1.5758	0.0000	1.1502	0.9114	1.0998
65	1901	1.7581	1.5838	0.0000	1.1672	0.9055	1.1019
65	1902	1.8076	1.5939	0.0000	1.1810	0.9004	1.1047
65	1903	1.8563	1.6025	0.0000	1.1908	0.8964	1.1075
65	1904	1.9048	1.6093	0.0000	1.1905	0.8925	1.1094
65	1905	1.9534	1.6148	0.0000	1.1848	0.8884	1.1090
65	1906	2.0008	1.6174	0.0000	1.1685	0.8850	1.1077
65	1907	2.0476	1.6178	0.0000	1.1492	0.8811	1.1058
65	1908	2.0935	1.6154	0.0000	1.1300	0.8764	1.1039
65	1909	2.1380	1.6101	0.0000	1.1060	0.8718	1.1025
65	1910	2.1823	1.6035	0.0000	1.0812	0.8658	1.1022
66	1911	1.2733	1.7177	0.0000	1.0367	0.9522	0.9198
65	1911	2.2255	1.5950	0.0000	1.0568	0.8595	1.1039
66	1912	1.3148	1.7164	0.0000	1.0560	0.9525	0.9246
65	1912	2.2673	1.5850	0.0000	1.0303	0.8537	1.1073
66	1913	1.3579	1.7142	0.0000	1.0798	0.9504	0.9296
66	1914	1.4017	1.7107	0.0000	1.1033	0.9455	0.9347
66	1915	1.4472	1.7078	0.0000	1.1252	0.9387	0.9377
66	1916	1.4949	1.7062	0.0000	1.1365	0.9286	0.9378
66	1917	1.5424	1.7037	0.0000	1.1385	0.9173	0.9366
66	1918	1.5900	1.7043	0.0000	1.1300	0.9060	0.9353
66	1919	1.6371	1.7050	0.0000	1.1200	0.8963	0.9382
66	1920	1.6837	1.7084	0.0000	1.1065	0.8860	0.9374
66	1921	1.7279	1.7119	0.0000	1.0882	0.8780	0.9366
66	1922	1.7702	1.7163	0.0000	1.0742	0.8718	0.9359
66	1923	1.8099	1.7183	0.0000	1.0602	0.8679	0.9385
66	1924	1.8497	1.7195	0.0000	1.0468	0.8650	0.9341
66	1925	1.8898	1.7193	0.0000	1.0372	0.8629	0.9327
66	1926	1.9302	1.7169	0.0000	1.0333	0.8613	0.9289
66	1927	1.9721	1.7127	0.0000	1.0315	0.8597	0.9270
66	1928	2.0141	1.7057	0.0000	1.0342	0.8592	0.9237
66	1929	2.0558	1.6971	0.0000	1.0340	0.8595	0.9218
66	1930	2.0986	1.6894	0.0000	1.0300	0.8595	0.9210
66	1931	2.1412	1.6831	0.0000	1.0292	0.8589	0.9212
66	1932	2.1828	1.6798	0.0000	1.0187	0.8565	0.9231
66	1933	2.2236	1.6784	0.0000	1.0100	0.8534	0.9272
66	1934	2.2633	1.6790	0.0000	1.0035	0.8500	0.9323
67	1944	1.4523	1.5136	0.0000	1.1135	1.2300	0.7521
67	1945	1.4963	1.5168	0.0000	1.0860	1.2380	0.7499
67	1946	1.5390	1.5218	0.0000	1.0642	1.2500	0.7474
67	1947	1.5805	1.5291	0.0000	1.0625	1.2634	0.7451
67	1948	1.6213	1.5371	0.0000	1.0640	1.2771	0.7432
67	1949	1.6624	1.5448	0.0000	1.0705	1.2888	0.7420
67	1950	1.7032	1.5500	0.0000	1.0805	1.2953	0.7423
67	1951	1.7449	1.5522	0.0000	1.0960	1.2952	0.7442
67	1952	1.7880	1.5514	0.0000	1.1160	1.2894	0.7477
67	1953	1.8330	1.5489	0.0000	1.1402	1.2805	0.7514
68	1965	1.0280	1.6785	0.0000	1.1338	1.4045	0.8306
68	1966	1.0701	1.6751	0.0000	1.1302	1.4027	0.8306
68	1967	1.1135	1.6698	0.0000	1.1332	1.3997	0.8308
68	1968	1.1561	1.6623	0.0000	1.1390	1.3982	0.8308
68	1969	1.2000	1.6536	0.0000	1.1533	1.3962	0.8310
68	1970	1.2456	1.6434	0.0000	1.1707	1.3945	0.8303
68	1971	1.2934	1.6351	0.0000	1.1920	1.3901	0.8306
68	1972	1.3433	1.6296	0.0000	1.2050	1.3835	0.8313
68	1973	1.3932	1.6295	0.0000	1.2197	1.3765	0.8324
68	1974	1.4451	1.6383	0.0000	1.2285	1.3665	0.8340
68	1975	1.4963	1.6496	0.0000	1.2330	1.3559	0.8356
68	1976	1.5469	1.6607	0.0000	1.2342	1.3461	0.8366
68	1977	1.5955	1.6709	0.0000	1.2345	1.3380	0.8372
68	1978	1.6440	1.6803	0.0000	1.2352	1.3295	0.8378
68	1979	1.6914	1.6864	0.0000	1.2332	1.3217	0.8385
68	1980	1.7388	1.6881	0.0000	1.2307	1.3141	0.8391
68	1981	1.7871	1.6861	0.0000	1.2248	1.3065	0.8394
68	1982	1.8371	1.6807	0.0000	1.2180	1.2992	0.8394
69	2000	1.5852	1.6659	0.0000	1.1567	1.0753	0.7582
69	2001	1.6321	1.6560	0.0000	1.1568	1.0784	0.7546
69	2002	1.6791	1.6484	0.0000	1.1550	1.0831	0.7506
69	2003	1.7262	1.6481	0.0000	1.1502	1.0876	0.7464
69	2004	1.7723	1.6518	0.0000	1.1457	1.0919	0.7426
69	2005	1.8167	1.6573	0.0000	1.1428	1.0990	0.7387
69	2006	1.8622	1.6646	0.0000	1.1407	1.1055	0.7353
69	2007	1.9070	1.6718	0.0000	1.1397	1.1085	0.7329
69	2008	1.9518	1.6777	0.0000	1.1435	1.1088	0.7314
69	2009	1.9965	1.6801	0.0000	1.1503	1.1062	0.7309
70	2025	1.0883	1.6384	0.0000	1.0855	1.6683	0.7310
70	2026	1.1297	1.6385	0.0000	1.0790	1.6698	0.7286
70	2027	1.1720	1.6364	0.0000	1.0815	1.6699	0.7267
70	2028	1.2151	1.6322	0.0000	1.0902	1.6682	0.7254
70	2029	1.2590	1.6262	0.0000	1.1033	1.6652	0.7246
70	2030	1.3034	1.6187	0.0000	1.1152	1.6610	0.7240
70	2031	1.3487	1.6119	0.0000	1.1247	1.6546	0.7237
70	2032	1.3950	1.6075	0.0000	1.1320	1.6465	0.7236
70	2033	1.4414	1.6064	0.0000	1.1385	1.6375	0.7238
