#id	fr	x	y	z	velocity	headway	rho
44	1251	1.3620	1.5571	0.0000	0.9775	0.7510	1.1063
43	1251	2.1130	1.7540	0.0000	0.7683	0.9521	1.1743
44	1252	1.4019	1.5537	0.0000	0.9835	0.7418	1.1042
43	1252	2.1437	1.7471	0.0000	0.7670	0.9512	1.1813
44	1253	1.4437	1.5517	0.0000	0.9808	0.7310	1.1020
43	1253	2.1747	1.7399	0.0000	0.7698	0.9473	1.1917
44	1254	1.4855	1.5521	0.0000	0.9728	0.7200	1.1000
44	1255	1.5278	1.5555	0.0000	0.9587	0.7082	1.0984
44	1256	1.5691	1.5606	0.0000	0.9365	0.6986	1.0963
44	1257	1.6079	1.5644	0.0000	0.9063	0.6896	1.0958
44	1258	1.6433	1.5675	0.0000	0.8680	0.6855	1.0946
44	1259	1.6760	1.5701	0.0000	0.8290	0.6823	1.0945
44	1260	1.7071	1.5724	0.0000	0.7887	0.6800	1.0948
44	1261	1.7366	1.5747	0.0000	0.7523	0.6798	1.0954
44	1262	1.7644	1.5765	0.0000	0.7245	0.6831	1.0949
44	1263	1.7909	1.5776	0.0000	0.7062	0.6875	1.0951
44	1264	1.8171	1.5776	0.0000	0.6980	0.6932	1.0955
44	1265	1.8433	1.5757	0.0000	0.6957	0.6986	1.0961
44	1266	1.8700	1.5725	0.0000	0.6985	0.7047	1.0965
44	1267	1.8977	1.5683	0.0000	0.7057	0.7115	1.0963
44	1268	1.9258	1.5645	0.0000	0.7150	0.7195	1.0955
45	1269	0.8551	1.6275	0.0000	0.9060	1.1001	1.0241
44	1269	1.9552	1.5608	0.0000	0.7245	0.7270	1.0946
45	1270	0.8905	1.6224	0.0000	0.9318	1.0949	1.0241
44	1270	1.9854	1.5574	0.0000	0.7350	0.7351	1.0929
45	1271	0.9274	1.6169	0.0000	0.9502	1.0886	1.0228
44	1271	2.0160	1.5548	0.0000	0.7427	0.7412	1.0930
45	1272	0.9649	1.6130	0.0000	0.9597	1.0818	1.0201
44	1272	2.0467	1.5537	0.0000	0.7455	0.7488	1.0925
45	1273	1.0044	1.6116	0.0000	0.9620	1.0725	1.0171
44	1273	2.0769	1.5548	0.0000	0.7455	0.7582	1.0925
45	1274	1.0470	1.6153	0.0000	0.9585	1.0599	1.0148
44	1274	2.1069	1.5566	0.0000	0.7410	0.7676	1.0944
45	1275	1.0899	1.6215	0.0000	0.9520	1.0474	1.0115
44	1275	2.1373	1.5591	0.0000	0.7325	0.7747	1.0976
45	1276	1.1308	1.6269	0.0000	0.9365	1.0363	1.0092
44	1276	2.1671	1.5613	0.0000	0.7217	0.7795	1.1014
45	1277	1.1688	1.6298	0.0000	0.9150	1.0271	1.0079
44	1277	2.1959	1.5630	0.0000	0.7093	0.7837	1.1045
45	1278	1.2045	1.6313	0.0000	0.8885	1.0195	1.0064
44	1278	2.2240	1.5643	0.0000	0.6952	0.7873	1.1069
45	1279	1.2385	1.6319	0.0000	0.8553	1.0131	1.0059
44	1279	2.2516	1.5648	0.0000	0.6863	0.7908	1.1087
45	1280	1.2713	1.6325	0.0000	0.8207	1.0071	1.0069
44	1280	2.2784	1.5650	0.0000	0.6795	0.7940	1.1104
45	1281	1.3020	1.6318	0.0000	0.7890	1.0027	1.0081
44	1281	2.3047	1.5656	0.0000	0.6800	0.7943	1.1130
45	1282	1.3309	1.6301	0.0000	0.7653	0.9995	1.0105
44	1282	2.3304	1.5663	0.0000	0.6868	0.7928	1.1159
45	1283	1.3598	1.6282	0.0000	0.7468	0.9952	1.0141
45	1284	1.3891	1.6264	0.0000	0.7328	0.9923	1.0177
45	1285	1.4182	1.6238	0.0000	0.7225	0.9909	1.0208
45	1286	1.4464	1.6199	0.0000	0.7172	0.9927	1.0230
45	1287	1.4749	1.6163	0.0000	0.7150	0.9957	1.0242
45	1288	1.5032	1.6131	0.0000	0.7118	1.0012	1.0244
45	1289	1.5316	1.6110	0.0000	0.7057	1.0083	1.0239
45	1290	1.5603	1.6113	0.0000	0.7003	1.0150	1.0242
45	1291	1.5889	1.6149	0.0000	0.6988	1.0224	1.0239
45	1292	1.6169	1.6221	0.0000	0.6995	1.0302	1.0241
45	1293	1.6445	1.6306	0.0000	0.7010	1.0367	1.0244
46	1294	0.7640	1.5255	0.0000	0.8890	0.9074	1.2045
45	1294	1.6714	1.6372	0.0000	0.7017	1.0414	1.0263
46	1295	0.7985	1.5218	0.0000	0.8890	0.8998	1.2050
45	1295	1.6983	1.6413	0.0000	0.6982	1.0446	1.0286
46	1296	0.8341	1.5171	0.0000	0.8945	0.8918	1.2058
45	1296	1.7259	1.6437	0.0000	0.6945	1.0452	1.0325
46	1297	0.8695	1.5112	0.0000	0.8922	0.8852	1.2061
45	1297	1.7547	1.6462	0.0000	0.6945	1.0425	1.0375
46	1298	0.9054	1.5050	0.0000	0.8912	0.8782	1.2068
45	1298	1.7836	1.6490	0.0000	0.6967	1.0370	1.0443
46	1299	0.9422	1.4991	0.0000	0.8787	0.8701	1.2087
45	1299	1.8123	1.6515	0.0000	0.6998	1.0305	1.0523
46	1300	0.9782	1.4941	0.0000	0.8637	0.8614	1.2121
45	1300	1.8396	1.6522	0.0000	0.7030	1.0259	1.0597
46	1301	1.0157	1.4923	0.0000	0.8500	0.8510	1.2161
45	1301	1.8667	1.6510	0.0000	0.7053	1.0205	1.0687
46	1302	1.0510	1.4931	0.0000	0.8305	0.8437	1.2203
45	1302	1.8947	1.6493	0.0000	0.7060	1.0146	1.0763
46	1303	1.0854	1.4969	0.0000	0.8100	0.8378	1.2232
45	1303	1.9232	1.6462	0.0000	0.7062	1.0082	1.0834
46	1304	1.1155	1.5010	0.0000	0.7878	0.8358	1.2240
45	1304	1.9513	1.6413	0.0000	0.7063	1.0023	1.0881
46	1305	1.1440	1.5050	0.0000	0.7708	0.8355	1.2244
45	1305	1.9795	1.6354	0.0000	0.7073	0.9969	1.0915
46	1306	1.1741	1.5084	0.0000	0.7492	0.8339	1.2239
45	1306	2.0080	1.6293	0.0000	0.7065	0.9894	1.0969
46	1307	1.2017	1.5099	0.0000	0.7395	0.8354	1.2225
45	1307	2.0371	1.6237	0.0000	0.6997	0.9814	1.1008
46	1308	1.2294	1.5100	0.0000	0.7320	0.8367	1.2208
45	1308	2.0661	1.6190	0.0000	0.6927	0.9737	1.1047
46	1309	1.2573	1.5085	0.0000	0.7373	0.8375	1.2194
45	1309	2.0948	1.6167	0.0000	0.6890	0.9649	1.1096
46	1310	1.2865	1.5062	0.0000	0.7493	0.8360	1.2195
45	1310	2.1225	1.6176	0.0000	0.6887	0.9575	1.1151
46	1311	1.3154	1.5027	0.0000	0.7630	0.8339	1.2209
45	1311	2.1493	1.6193	0.0000	0.6903	0.9514	1.1203
46	1312	1.3468	1.4988	0.0000	0.7830	0.8278	1.2243
45	1312	2.1746	1.6183	0.0000	0.6890	0.9451	1.1281
46	1313	1.3782	1.4942	0.0000	0.8075	0.8221	1.2282
45	1313	2.2003	1.6160	0.0000	0.6832	0.9376	1.1366
46	1314	1.4104	1.4890	0.0000	0.8315	0.8165	1.2321
46	1315	1.4437	1.4840	0.0000	0.8520	0.8113	1.2356
46	1316	1.4793	1.4802	0.0000	0.8693	0.8048	1.2392
46	1317	1.5149	1.4775	0.0000	0.8745	0.7978	1.2426
46	1318	1.5524	1.4779	0.0000	0.8720	0.7870	1.2500
46	1319	1.5899	1.4815	0.0000	0.8610	0.8065	1.2330
46	1320	1.6273	1.4890	0.0000	0.8455	0.7920	1.2417
46	1321	1.6631	1.4971	0.0000	0.8200	0.7777	1.2504
47	1322	0.8727	1.6741	0.0000	0.7930	0.8239	1.1924
46	1322	1.6966	1.5030	0.0000	0.7900	0.7685	1.2560
47	1323	0.9033	1.6792	0.0000	0.7753	0.8237	1.1899
46	1323	1.7270	1.5066	0.0000	0.7508	0.7653	1.2587
47	1324	0.9332	1.6831	0.0000	0.7610	0.8216	1.1893
46	1324	1.7548	1.5084	0.0000	0.7097	0.7666	1.2593
47	1325	0.9623	1.6858	0.0000	0.7498	0.8196	1.1891
46	1325	1.7819	1.5101	0.0000	0.6773	0.7713	1.2572
47	1326	0.9914	1.6877	0.0000	0.7430	0.8159	1.1901
46	1326	1.8073	1.5119	0.0000	0.6498	0.7795	1.2536
47	1327	1.0204	1.6882	0.0000	0.7390	0.8105	1.1928
46	1327	1.8309	1.5133	0.0000	0.6312	0.7916	1.2484
47	1328	1.0495	1.6874	0.0000	0.7360	0.8032	1.1974
46	1328	1.8527	1.5141	0.0000	0.6242	0.8075	1.2417
47	1329	1.0787	1.6858	0.0000	0.7372	0.7951	1.2036
46	1329	1.8738	1.5138	0.0000	0.6307	0.8240	1.2353
47	1330	1.1085	1.6826	0.0000	0.7392	0.7897	1.2083
46	1330	1.8982	1.5126	0.0000	0.6425	0.8366	1.2298
47	1331	1.1385	1.6780	0.0000	0.7425	0.7845	1.2134
46	1331	1.9230	1.5099	0.0000	0.6618	0.8486	1.2247
47	1332	1.1683	1.6724	0.0000	0.7453	0.7808	1.2180
46	1332	1.9491	1.5057	0.0000	0.6880	0.8587	1.2199
47	1333	1.1977	1.6657	0.0000	0.7490	0.7790	1.2224
46	1333	1.9767	1.5007	0.0000	0.7235	0.8655	1.2162
47	1334	1.2281	1.6590	0.0000	0.7508	0.7790	1.2258
46	1334	2.0071	1.4958	0.0000	0.7562	0.8678	1.2145
47	1335	1.2580	1.6520	0.0000	0.7458	0.7809	1.2285
46	1335	2.0389	1.4909	0.0000	0.7803	0.8677	1.2132
47	1336	1.2884	1.6476	0.0000	0.7380	0.7836	1.2294
46	1336	2.0720	1.4866	0.0000	0.8003	0.8656	1.2127
47	1337	1.3185	1.6470	0.0000	0.7328	0.7876	1.2278
46	1337	2.1061	1.4831	0.0000	0.8108	0.8626	1.2120
47	1338	1.3491	1.6493	0.0000	0.7285	0.7930	1.2235
46	1338	2.1421	1.4821	0.0000	0.8175	0.8567	1.2123
47	1339	1.3790	1.6526	0.0000	0.7200	0.7973	1.2191
46	1339	2.1763	1.4827	0.0000	0.8115	0.8521	1.2126
47	1340	1.4068	1.6552	0.0000	0.7143	0.8035	1.2138
46	1340	2.2103	1.4859	0.0000	0.8042	0.8471	1.2117
47	1341	1.4337	1.6571	0.0000	0.7072	0.8094	1.2089
46	1341	2.2431	1.4903	0.0000	0.8003	0.8416	1.2114
48	1342	0.6146	1.6442	0.0000	0.7190	0.8468	1.3704
47	1342	1.4614	1.6589	0.0000	0.7015	0.8120	1.2057
46	1342	2.2734	1.4940	0.0000	0.7903	0.8377	1.2123
48	1343	0.6411	1.6440	0.0000	0.7295	0.8480	1.3666
47	1343	1.4891	1.6606	0.0000	0.6970	0.8146	1.2029
46	1343	2.3037	1.4969	0.0000	0.7810	0.8316	1.2149
48	1344	0.6693	1.6427	0.0000	0.7445	0.8468	1.3639
47	1344	1.5161	1.6608	0.0000	0.6953	0.8156	1.2031
48	1345	0.6994	1.6407	0.0000	0.7605	0.8443	1.3614
47	1345	1.5437	1.6600	0.0000	0.7012	0.8169	1.2039
48	1346	0.7314	1.6377	0.0000	0.7775	0.8399	1.3565
47	1346	1.5713	1.6580	0.0000	0.7107	0.8208	1.2043
48	1347	0.7648	1.6337	0.0000	0.7960	0.8343	1.3533
47	1347	1.5991	1.6542	0.0000	0.7215	0.8231	1.2067
48	1348	0.7992	1.6286	0.0000	0.8147	0.8287	1.3483
47	1348	1.6279	1.6499	0.0000	0.7332	0.8266	1.2082
48	1349	0.8336	1.6232	0.0000	0.8258	0.8235	1.3427
47	1349	1.6571	1.6453	0.0000	0.7525	0.8315	1.2085
48	1350	0.8668	1.6182	0.0000	0.8282	0.8205	1.3366
47	1350	1.6873	1.6402	0.0000	0.7720	0.8361	1.2073
48	1351	0.8997	1.6158	0.0000	0.8225	0.8183	1.3297
47	1351	1.7180	1.6356	0.0000	0.7895	0.8412	1.2052
48	1352	0.9330	1.6173	0.0000	0.8128	0.8170	1.3220
47	1352	1.7500	1.6313	0.0000	0.8035	0.8464	1.2024
48	1353	0.9670	1.6216	0.0000	0.7985	0.8154	1.3161
47	1353	1.7824	1.6270	0.0000	0.8143	0.8524	1.1992
48	1354	0.9996	1.6249	0.0000	0.7835	0.8175	1.3081
47	1354	1.8171	1.6260	0.0000	0.8192	0.8560	1.1951
48	1355	1.0307	1.6269	0.0000	0.7727	0.8218	1.3001
47	1355	1.8525	1.6277	0.0000	0.8220	0.8603	1.1890
48	1356	1.0604	1.6280	0.0000	0.7632	0.8267	1.2925
47	1356	1.8871	1.6319	0.0000	0.8242	0.8648	1.1824
48	1357	1.0899	1.6293	0.0000	0.7545	0.8306	1.2872
47	1357	1.9205	1.6387	0.0000	0.8222	0.8689	1.1768
48	1358	1.1186	1.6304	0.0000	0.7455	0.8350	1.2837
47	1358	1.9536	1.6463	0.0000	0.8180	0.8705	1.1727
48	1359	1.1470	1.6308	0.0000	0.7403	0.8378	1.2825
47	1359	1.9848	1.6517	0.0000	0.8100	0.8722	1.1696
48	1360	1.1759	1.6303	0.0000	0.7393	0.8402	1.2824
47	1360	2.0161	1.6556	0.0000	0.7970	0.8734	1.1671
48	1361	1.2050	1.6286	0.0000	0.7438	0.8427	1.2834
47	1361	2.0477	1.6584	0.0000	0.7920	0.8726	1.1660
48	1362	1.2348	1.6259	0.0000	0.7508	0.8441	1.2847
47	1362	2.0789	1.6601	0.0000	0.7882	0.8704	1.1665
48	1363	1.2652	1.6224	0.0000	0.7620	0.8444	1.2875
47	1363	2.1096	1.6603	0.0000	0.7865	0.8672	1.1685
48	1364	1.2957	1.6175	0.0000	0.7765	0.8454	1.2917
47	1364	2.1411	1.6598	0.0000	0.7895	0.8613	1.1719
48	1365	1.3264	1.6115	0.0000	0.7872	0.8449	1.2971
47	1365	2.1713	1.6574	0.0000	0.7935	0.8550	1.1765
48	1366	1.3579	1.6058	0.0000	0.7947	0.8460	1.2986
47	1366	2.2039	1.6541	0.0000	0.7968	0.8453	1.1825
48	1367	1.3902	1.6012	0.0000	0.7995	0.8456	1.2982
47	1367	2.2358	1.6486	0.0000	0.8025	0.8350	1.1901
48	1368	1.4234	1.5993	0.0000	0.8035	0.8448	1.2952
47	1368	2.2682	1.6419	0.0000	0.8103	0.8232	1.1990
48	1369	1.4576	1.6026	0.0000	0.8077	0.8430	1.2902
47	1369	2.3006	1.6340	0.0000	0.8125	0.8116	1.2088
48	1370	1.4908	1.6088	0.0000	0.8105	0.8427	1.2839
47	1370	2.3335	1.6255	0.0000	0.8135	0.7991	1.2182
48	1371	1.5229	1.6142	0.0000	0.8107	0.8435	1.2772
48	1372	1.5546	1.6171	0.0000	0.8075	0.8453	1.2709
48	1373	1.5866	1.6177	0.0000	0.8025	0.8471	1.2650
48	1374	1.6188	1.6172	0.0000	0.7953	0.8473	1.2613
48	1375	1.6506	1.6164	0.0000	0.7935	0.8461	1.2591
48	1376	1.6822	1.6154	0.0000	0.7967	0.8444	1.2583
48	1377	1.7132	1.6135	0.0000	0.8020	0.8431	1.2580
48	1378	1.7444	1.6112	0.0000	0.8080	0.8395	1.2602
48	1379	1.7757	1.6081	0.0000	0.8125	0.8358	1.2621
48	1380	1.8082	1.6047	0.0000	0.8160	0.8305	1.2637
48	1381	1.8416	1.6009	0.0000	0.8193	0.8241	1.2669
48	1382	1.8754	1.5968	0.0000	0.8240	0.8186	1.2703
48	1383	1.9098	1.5932	0.0000	0.8253	0.8125	1.2723
49	1384	1.1810	1.6805	0.0000	0.7783	0.7628	1.0358
48	1384	1.9438	1.5905	0.0000	0.8227	0.8081	1.2732
49	1385	1.2125	1.6787	0.0000	0.7835	0.7645	1.0315
48	1385	1.9770	1.5892	0.0000	0.8145	0.8041	1.2750
49	1386	1.2453	1.6766	0.0000	0.7800	0.7646	1.0279
48	1386	2.0099	1.5919	0.0000	0.8035	0.8017	1.2769
49	1387	1.2775	1.6748	0.0000	0.7767	0.7653	1.0240
48	1387	2.0428	1.5973	0.0000	0.7890	0.8013	1.2767
49	1388	1.3085	1.6730	0.0000	0.7777	0.7660	1.0210
48	1388	2.0745	1.6023	0.0000	0.7718	0.8013	1.2761
49	1389	1.3382	1.6709	0.0000	0.7775	0.7666	1.0188
48	1389	2.1048	1.6060	0.0000	0.7558	0.8040	1.2734
49	1390	1.3695	1.6687	0.0000	0.7753	0.7645	1.0176
48	1390	2.1340	1.6087	0.0000	0.7438	0.8087	1.2713
49	1391	1.3991	1.6653	0.0000	0.7737	0.7639	1.0173
48	1391	2.1630	1.6112	0.0000	0.7337	0.8139	1.2676
49	1392	1.4303	1.6607	0.0000	0.7765	0.7607	1.0185
48	1392	2.1910	1.6130	0.0000	0.7262	0.8187	1.2663
49	1393	1.4614	1.6557	0.0000	0.7822	0.7571	1.0200
48	1393	2.2185	1.6136	0.0000	0.7220	0.8228	1.2659
49	1394	1.4920	1.6498	0.0000	0.7863	0.7541	1.0220
48	1394	2.2461	1.6130	0.0000	0.7212	0.8256	1.2661
49	1395	1.5226	1.6450	0.0000	0.7798	0.7519	1.0232
48	1395	2.2745	1.6111	0.0000	0.7210	0.8261	1.2674
49	1396	1.5548	1.6415	0.0000	0.7777	0.7486	1.0231
48	1396	2.3034	1.6083	0.0000	0.7200	0.8255	1.2706
49	1397	1.5881	1.6403	0.0000	0.7700	0.7452	1.0214
49	1398	1.6214	1.6407	0.0000	0.7627	0.7419	1.0193
49	1399	1.6527	1.6422	0.0000	0.7560	0.7406	1.0166
49	1400	1.6814	1.6447	0.0000	0.7485	0.7410	1.0214
49	1401	1.7102	1.6453	0.0000	0.7408	0.7408	1.0180
49	1402	1.7383	1.6474	0.0000	0.7335	0.7405	1.0152
49	1403	1.7665	1.6502	0.0000	0.7290	0.7402	1.0128
49	1404	1.7944	1.6526	0.0000	0.7335	0.7401	1.0110
49	1405	1.8220	1.6543	0.0000	0.7453	0.7391	1.0107
49	1406	1.8511	1.6540	0.0000	0.7595	0.7364	1.0115
49	1407	1.8815	1.6519	0.0000	0.7750	0.7326	1.0133
50	1408	0.6727	1.5402	0.0000	0.8027	1.2403	1.0469
49	1408	1.9130	1.6482	0.0000	0.7935	0.7276	1.0163
50	1409	0.7063	1.5336	0.0000	0.8340	1.2398	1.0441
49	1409	1.9461	1.6440	0.0000	0.8127	0.7205	1.0203
50	1410	0.7420	1.5280	0.0000	0.8565	1.2375	1.0412
49	1410	1.9795	1.6395	0.0000	0.8293	0.7121	1.0259
50	1411	0.7780	1.5230	0.0000	0.8683	1.2360	1.0373
49	1411	2.0140	1.6360	0.0000	0.8372	0.7024	1.0318
50	1412	0.8137	1.5209	0.0000	0.8685	1.2346	1.0331
49	1412	2.0483	1.6324	0.0000	0.8427	0.6935	1.0373
50	1413	0.8530	1.5260	0.0000	0.8592	1.2309	1.0274
49	1413	2.0839	1.6305	0.0000	0.8438	0.6836	1.0447
50	1414	0.8898	1.5310	0.0000	0.8402	1.2297	1.0222
49	1414	2.1195	1.6319	0.0000	0.8385	0.6743	1.0504
50	1415	0.9248	1.5356	0.0000	0.8110	1.2289	1.0184
49	1415	2.1537	1.6357	0.0000	0.8275	0.6669	1.0550
50	1416	0.9576	1.5391	0.0000	0.7855	1.2284	1.0163
49	1416	2.1860	1.6381	0.0000	0.8103	0.6616	1.0582
50	1417	0.9878	1.5421	0.0000	0.7628	1.2308	1.0139
49	1417	2.2186	1.6391	0.0000	0.7920	0.6566	1.0597
50	1418	1.0164	1.5454	0.0000	0.7343	1.2341	1.0117
49	1418	2.2505	1.6394	0.0000	0.7725	0.6520	1.0604
50	1419	1.0424	1.5479	0.0000	0.7135	1.2391	1.0099
49	1419	2.2815	1.6395	0.0000	0.7520	0.6474	1.0602
50	1420	1.0664	1.5488	0.0000	0.7015	1.2441	1.0093
49	1420	2.3105	1.6413	0.0000	0.7362	0.6449	1.0588
50	1421	1.0922	1.5497	0.0000	0.6965	1.2459	1.0095
49	1421	2.3381	1.6428	0.0000	0.7242	0.6445	1.0580
50	1422	1.1188	1.5492	0.0000	0.7040	1.2463	1.0083
49	1422	2.3651	1.6432	0.0000	0.7110	0.6450	1.0575
50	1423	1.1467	1.5480	0.0000	0.7175	1.2462	1.0053
49	1423	2.3929	1.6416	0.0000	0.7000	0.6435	1.0584
50	1424	1.1752	1.5455	0.0000	0.7417	1.2451	1.0033
49	1424	2.4203	1.6393	0.0000	0.6920	0.6416	1.0601
50	1425	1.2054	1.5426	0.0000	0.7720	1.2428	1.0019
49	1425	2.4482	1.6350	0.0000	0.6892	0.6380	1.0634
50	1426	1.2362	1.5386	0.0000	0.7990	1.2395	1.0014
49	1426	2.4757	1.6304	0.0000	0.6878	0.6332	1.0680
50	1427	1.2694	1.5343	0.0000	0.8192	1.2336	1.0022
49	1427	2.5030	1.6243	0.0000	0.6847	0.6277	1.0745
50	1428	1.3034	1.5300	0.0000	0.8340	1.2271	1.0025
50	1429	1.3391	1.5285	0.0000	0.8453	1.2192	1.0025
50	1430	1.3752	1.5309	0.0000	0.8527	1.2110	1.0018
50	1431	1.4118	1.5385	0.0000	0.8577	1.2014	1.0016
50	1432	1.4465	1.5442	0.0000	0.8507	1.1925	1.0025
50	1433	1.4803	1.5478	0.0000	0.8385	1.1839	1.0048
50	1434	1.5133	1.5504	0.0000	0.8200	1.1754	1.0073
50	1435	1.5465	1.5535	0.0000	0.8013	1.1656	1.0116
50	1436	1.5793	1.5577	0.0000	0.7805	1.1554	1.0165
50	1437	1.6097	1.5615	0.0000	0.7673	1.1469	1.0233
50	1438	1.6388	1.5644	0.0000	0.7593	1.1402	1.0293
50	1439	1.6671	1.5658	0.0000	0.7540	1.1343	1.0347
50	1440	1.6957	1.5661	0.0000	0.7515	1.1292	1.0383
50	1441	1.7240	1.5646	0.0000	0.7475	1.1246	1.0416
50	1442	1.7534	1.5618	0.0000	0.7512	1.1196	1.0446
50	1443	1.7840	1.5575	0.0000	0.7575	1.1132	1.0472
50	1444	1.8149	1.5517	0.0000	0.7665	1.1071	1.0485
50	1445	1.8471	1.5458	0.0000	0.7735	1.0991	1.0503
51	1446	1.0691	1.6798	0.0000	0.7285	0.8092	1.0691
50	1446	1.8783	1.5402	0.0000	0.7795	1.0929	1.0515
51	1447	1.0981	1.6773	0.0000	0.7318	0.8121	1.0688
50	1447	1.9102	1.5366	0.0000	0.7803	1.0860	1.0537
51	1448	1.1273	1.6743	0.0000	0.7392	0.8145	1.0679
50	1448	1.9418	1.5364	0.0000	0.7797	1.0792	1.0561
51	1449	1.1578	1.6711	0.0000	0.7488	0.8159	1.0666
50	1449	1.9737	1.5408	0.0000	0.7728	1.0723	1.0592
51	1450	1.1872	1.6694	0.0000	0.7562	0.8179	1.0650
50	1450	2.0051	1.5461	0.0000	0.7600	1.0657	1.0618
51	1451	1.2199	1.6702	0.0000	0.7660	0.8159	1.0631
50	1451	2.0358	1.5493	0.0000	0.7435	1.0594	1.0665
51	1452	1.2511	1.6751	0.0000	0.7765	0.8144	1.0616
50	1452	2.0655	1.5508	0.0000	0.7282	1.0531	1.0710
51	1453	1.2831	1.6824	0.0000	0.7900	0.8128	1.0599
51	1454	1.3141	1.6891	0.0000	0.8028	0.8099	1.0598
51	1455	1.3445	1.6942	0.0000	0.8177	0.8066	1.0607
51	1456	1.3755	1.6969	0.0000	0.8210	0.8002	1.0633
51	1457	1.4087	1.6980	0.0000	0.8317	0.7928	1.0654
51	1458	1.4433	1.6972	0.0000	0.8378	0.7845	1.0674
51	1459	1.4789	1.6944	0.0000	0.8468	0.7766	1.0689
51	1460	1.5143	1.6902	0.0000	0.8560	0.7697	1.0700
51	1461	1.5483	1.6843	0.0000	0.8690	0.7661	1.0704
51	1462	1.5838	1.6767	0.0000	0.8750	0.7620	1.0703
51	1463	1.6182	1.6681	0.0000	0.8777	0.7611	1.0692
51	1464	1.6528	1.6598	0.0000	0.8790	0.7612	1.0668
51	1465	1.6869	1.6529	0.0000	0.8735	0.7634	1.0636
51	1466	1.7231	1.6480	0.0000	0.8690	0.7650	1.0599
51	1467	1.7587	1.6453	0.0000	0.8607	0.7688	1.0559
51	1468	1.7944	1.6457	0.0000	0.8540	0.7740	1.0514
51	1469	1.8305	1.6487	0.0000	0.8490	0.7783	1.0474
51	1470	1.8637	1.6520	0.0000	0.8395	0.7821	1.0456
51	1471	1.8959	1.6541	0.0000	0.8250	0.7842	1.0450
51	1472	1.9281	1.6555	0.0000	0.8110	0.7820	1.0477
52	1473	0.8365	1.5784	0.0000	0.8747	1.1233	1.0259
51	1473	1.9598	1.6551	0.0000	0.7975	0.7784	1.0517
52	1474	0.8710	1.5729	0.0000	0.8853	1.1214	1.0227
51	1474	1.9924	1.6538	0.0000	0.7867	0.7712	1.0567
52	1475	0.9071	1.5664	0.0000	0.8930	1.1156	1.0205
51	1475	2.0227	1.6525	0.0000	0.7835	0.7639	1.0641
52	1476	0.9432	1.5590	0.0000	0.9037	1.1099	1.0179
51	1476	2.0531	1.6511	0.0000	0.7877	0.7558	1.0720
52	1477	0.9794	1.5514	0.0000	0.9055	1.1037	1.0162
51	1477	2.0831	1.6486	0.0000	0.7923	0.7482	1.0800
52	1478	1.0161	1.5445	0.0000	0.9013	1.0973	1.0148
51	1478	2.1134	1.6457	0.0000	0.7993	0.7406	1.0882
52	1479	1.0535	1.5398	0.0000	0.8942	1.0917	1.0139
51	1479	2.1452	1.6423	0.0000	0.8075	0.7316	1.0969
52	1480	1.0903	1.5391	0.0000	0.8818	1.0868	1.0134
51	1480	2.1771	1.6389	0.0000	0.8193	0.7232	1.1050
52	1481	1.1277	1.5410	0.0000	0.8660	1.0833	1.0121
51	1481	2.2110	1.6366	0.0000	0.8285	0.7124	1.1138
52	1482	1.1633	1.5447	0.0000	0.8450	1.0817	1.0111
51	1482	2.2450	1.6344	0.0000	0.8315	0.7017	1.1215
52	1483	1.1970	1.5486	0.0000	0.8187	1.0825	1.0093
51	1483	2.2795	1.6333	0.0000	0.8347	0.6912	1.1276
52	1484	1.2287	1.5516	0.0000	0.7897	1.0867	1.0071
51	1484	2.3154	1.6357	0.0000	0.8310	0.6794	1.1324
52	1485	1.2598	1.5536	0.0000	0.7662	1.0906	1.0054
51	1485	2.3504	1.6378	0.0000	0.8220	0.6696	1.1362
52	1486	1.2896	1.5548	0.0000	0.7435	1.0949	1.0043
51	1486	2.3845	1.6392	0.0000	0.8068	0.6603	1.1395
52	1487	1.3174	1.5557	0.0000	0.7290	1.0983	1.0053
51	1487	2.4157	1.6397	0.0000	0.7908	0.6533	1.1418
52	1488	1.3436	1.5565	0.0000	0.7225	1.1037	1.0062
51	1488	2.4473	1.6401	0.0000	0.7725	0.6455	1.1434
52	1489	1.3694	1.5564	0.0000	0.7220	1.1082	1.0080
51	1489	2.4776	1.6392	0.0000	0.7500	0.6388	1.1448
52	1490	1.3968	1.5554	0.0000	0.7250	1.1091	1.0110
52	1491	1.4251	1.5533	0.0000	0.7325	1.1086	1.0135
52	1492	1.4549	1.5499	0.0000	0.7485	1.1064	1.0155
52	1493	1.4860	1.5456	0.0000	0.7740	1.1025	1.0168
52	1494	1.5175	1.5406	0.0000	0.8038	1.0979	1.0179
52	1495	1.5498	1.5344	0.0000	0.8303	1.0926	1.0184
52	1496	1.5826	1.5288	0.0000	0.8520	1.0860	1.0186
52	1497	1.6168	1.5233	0.0000	0.8660	1.0778	1.0187
52	1498	1.6532	1.5206	0.0000	0.8745	1.0678	1.0188
52	1499	1.6909	1.5212	0.0000	0.8795	1.0547	1.0196
52	1500	1.7289	1.5259	0.0000	0.8780	1.0403	1.0210
52	1501	1.7659	1.5322	0.0000	0.8690	1.0247	1.0238
52	1502	1.8013	1.5380	0.0000	0.8532	1.0115	1.0262
52	1503	1.8358	1.5424	0.0000	0.8275	0.9997	1.0287
52	1504	1.8693	1.5448	0.0000	0.8015	0.9899	1.0309
52	1505	1.9010	1.5475	0.0000	0.7735	0.9816	1.0336
52	1506	1.9302	1.5494	0.0000	0.7487	0.9756	1.0368
52	1507	1.9581	1.5507	0.0000	0.7300	0.9721	1.0397
52	1508	1.9842	1.5507	0.0000	0.7143	0.9711	1.0425
52	1509	2.0115	1.5497	0.0000	0.7015	0.9708	1.0444
53	1510	1.0978	1.5918	0.0000	0.7655	0.9405	0.9829
52	1510	2.0383	1.5470	0.0000	0.6953	0.9723	1.0456
53	1511	1.1282	1.5954	0.0000	0.7723	0.9372	0.9855
52	1511	2.0654	1.5429	0.0000	0.6950	0.9752	1.0458
53	1512	1.1594	1.5979	0.0000	0.7780	0.9339	0.9882
52	1512	2.0933	1.5376	0.0000	0.6963	0.9776	1.0463
53	1513	1.1905	1.5996	0.0000	0.7835	0.9310	0.9902
52	1513	2.1215	1.5324	0.0000	0.7068	0.9807	1.0462
53	1514	1.2225	1.6005	0.0000	0.7875	0.9274	0.9922
52	1514	2.1499	1.5275	0.0000	0.7128	0.9840	1.0464
53	1515	1.2538	1.6000	0.0000	0.7907	0.9253	0.9922
53	1516	1.2857	1.5986	0.0000	0.7930	0.9225	0.9910
53	1517	1.3178	1.5958	0.0000	0.7930	0.9188	0.9892
53	1518	1.3502	1.5921	0.0000	0.7935	0.9167	0.9857
53	1519	1.3823	1.5869	0.0000	0.7915	0.9143	0.9820
53	1520	1.4141	1.5806	0.0000	0.7903	0.9121	0.9778
53	1521	1.4454	1.5744	0.0000	0.7872	0.9101	0.9739
53	1522	1.4766	1.5686	0.0000	0.7822	0.9080	0.9704
53	1523	1.5079	1.5643	0.0000	0.7745	0.9054	0.9669
53	1524	1.5391	1.5629	0.0000	0.7677	0.9023	0.9642
53	1525	1.5699	1.5645	0.0000	0.7598	0.8979	0.9626
53	1526	1.6006	1.5682	0.0000	0.7517	0.8924	0.9618
53	1527	1.6307	1.5717	0.0000	0.7430	0.8882	0.9613
53	1528	1.6600	1.5746	0.0000	0.7317	0.8870	0.9602
53	1529	1.6894	1.5772	0.0000	0.7205	0.8864	0.9596
53	1530	1.7180	1.5790	0.0000	0.7090	0.8874	0.9587
53	1531	1.7461	1.5795	0.0000	0.6993	0.8898	0.9581
53	1532	1.7738	1.5794	0.0000	0.6927	0.8931	0.9575
53	1533	1.8006	1.5785	0.0000	0.6907	0.8972	0.9570
53	1534	1.8273	1.5772	0.0000	0.6905	0.9024	0.9564
53	1535	1.8535	1.5749	0.0000	0.6943	0.9085	0.9550
53	1536	1.8803	1.5718	0.0000	0.7013	0.9148	0.9534
53	1537	1.9078	1.5679	0.0000	0.7107	0.9209	0.9520
53	1538	1.9363	1.5650	0.0000	0.7205	0.9252	0.9511
53	1539	1.9656	1.5632	0.0000	0.7290	0.9270	0.9512
53	1540	1.9957	1.5637	0.0000	0.7398	0.9269	0.9522
53	1541	2.0266	1.5674	0.0000	0.7460	0.9252	0.9543
53	1542	2.0581	1.5741	0.0000	0.7527	0.9212	0.9571
54	1543	0.9234	1.6396	0.0000	0.8380	1.1654	0.9678
53	1543	2.0888	1.5797	0.0000	0.7565	0.9168	0.9605
54	1544	0.9572	1.6321	0.0000	0.8463	1.1617	0.9700
53	1544	2.1189	1.5831	0.0000	0.7572	0.9110	0.9649
54	1545	0.9912	1.6247	0.0000	0.8522	1.1582	0.9718
53	1545	2.1494	1.5862	0.0000	0.7545	0.9029	0.9704
54	1546	1.0257	1.6176	0.0000	0.8552	1.1530	0.9733
53	1546	2.1787	1.5873	0.0000	0.7482	0.8966	0.9758
54	1547	1.0598	1.6116	0.0000	0.8550	1.1491	0.9735
53	1547	2.2089	1.5883	0.0000	0.7393	0.8904	0.9806
54	1548	1.0939	1.6086	0.0000	0.8555	1.1450	0.9731
53	1548	2.2389	1.5886	0.0000	0.7332	0.8846	0.9854
54	1549	1.1285	1.6105	0.0000	0.8547	1.1400	0.9724
54	1550	1.1632	1.6145	0.0000	0.8510	1.1343	0.9715
54	1551	1.1981	1.6172	0.0000	0.8422	1.1278	0.9703
54	1552	1.2316	1.6184	0.0000	0.8347	1.1222	0.9696
54	1553	1.2656	1.6200	0.0000	0.8265	1.1165	0.9687
54	1554	1.2991	1.6216	0.0000	0.8227	1.1103	0.9690
54	1555	1.3316	1.6221	0.0000	0.8182	1.1050	0.9697
54	1556	1.3626	1.6215	0.0000	0.8143	1.1007	0.9713
54	1557	1.3937	1.6201	0.0000	0.8208	1.0961	0.9734
54	1558	1.4245	1.6168	0.0000	0.8345	1.0914	0.9759
54	1559	1.4576	1.6126	0.0000	0.8513	1.0831	0.9791
54	1560	1.4905	1.6074	0.0000	0.8705	1.0749	0.9826
54	1561	1.5238	1.6013	0.0000	0.8937	1.0659	0.9862
54	1562	1.5599	1.5960	0.0000	0.9150	1.0543	0.9891
54	1563	1.5994	1.5915	0.0000	0.9317	1.0395	0.9911
54	1564	1.6396	1.5877	0.0000	0.9323	1.0246	0.9926
54	1565	1.6798	1.5849	0.0000	0.9315	1.0095	0.9940
54	1566	1.7201	1.5847	0.0000	0.9230	0.9945	0.9954
54	1567	1.7597	1.5891	0.0000	0.9115	0.9801	0.9965
55	1568	0.7602	1.6263	0.0000	0.7260	1.0370	1.1221
54	1568	1.7972	1.5968	0.0000	0.8877	0.9679	0.9976
55	1569	0.7882	1.6252	0.0000	0.7380	1.0423	1.1237
54	1569	1.8305	1.6057	0.0000	0.8605	0.9602	0.9988
55	1570	0.8176	1.6230	0.0000	0.7520	1.0455	1.1260
54	1570	1.8631	1.6130	0.0000	0.8305	0.9531	1.0007
55	1571	0.8479	1.6200	0.0000	0.7672	1.0451	1.1298
54	1571	1.8930	1.6193	0.0000	0.8008	0.9492	1.0029
55	1572	0.8793	1.6159	0.0000	0.7860	1.0452	1.1333
54	1572	1.9245	1.6238	0.0000	0.7665	0.9444	1.0052
55	1573	0.9114	1.6105	0.0000	0.8045	1.0431	1.1377
54	1573	1.9545	1.6273	0.0000	0.7398	0.9414	1.0078
55	1574	0.9444	1.6043	0.0000	0.8200	1.0394	1.1429
54	1574	1.9838	1.6289	0.0000	0.7180	0.9395	1.0107
55	1575	0.9780	1.5977	0.0000	0.8335	1.0340	1.1488
54	1575	2.0120	1.6289	0.0000	0.7000	0.9393	1.0135
55	1576	1.0123	1.5914	0.0000	0.8420	1.0281	1.1547
54	1576	2.0404	1.6270	0.0000	0.6882	0.9392	1.0166
55	1577	1.0472	1.5864	0.0000	0.8427	1.0191	1.1610
54	1577	2.0663	1.6235	0.0000	0.6780	0.9415	1.0201
55	1578	1.0820	1.5836	0.0000	0.8387	1.0111	1.1655
54	1578	2.0931	1.6181	0.0000	0.6675	0.9429	1.0235
55	1579	1.1162	1.5829	0.0000	0.8305	1.0015	1.1705
54	1579	2.1177	1.6119	0.0000	0.6640	0.9458	1.0271
55	1580	1.1510	1.5859	0.0000	0.8175	0.9921	1.1749
54	1580	2.1431	1.6052	0.0000	0.6627	0.9475	1.0311
55	1581	1.1847	1.5887	0.0000	0.8013	0.9836	1.1792
54	1581	2.1683	1.5989	0.0000	0.6590	0.9494	1.0347
55	1582	1.2164	1.5896	0.0000	0.7838	0.9793	1.1819
55	1583	1.2469	1.5899	0.0000	0.7665	0.9746	1.1848
55	1584	1.2766	1.5906	0.0000	0.7515	0.9728	1.1860
55	1585	1.3050	1.5908	0.0000	0.7380	0.9721	1.1872
55	1586	1.3328	1.5902	0.0000	0.7297	0.9712	1.1893
55	1587	1.3607	1.5889	0.0000	0.7308	0.9696	1.1923
55	1588	1.3886	1.5858	0.0000	0.7390	0.9681	1.1955
55	1589	1.4168	1.5821	0.0000	0.7517	0.9664	1.1985
56	1590	0.7453	1.6507	0.0000	0.7655	0.7009	1.3835
55	1590	1.4462	1.5777	0.0000	0.7717	0.9642	1.2011
56	1591	0.7757	1.6508	0.0000	0.7637	0.7009	1.3802
55	1591	1.4766	1.5729	0.0000	0.7945	0.9600	1.2042
56	1592	0.8071	1.6548	0.0000	0.7605	0.7016	1.3734
55	1592	1.5087	1.5685	0.0000	0.8187	0.9551	1.2072
56	1593	0.8384	1.6618	0.0000	0.7593	0.7041	1.3635
55	1593	1.5425	1.5639	0.0000	0.8402	0.9482	1.2104
56	1594	0.8697	1.6683	0.0000	0.7595	0.7076	1.3514
55	1594	1.5773	1.5597	0.0000	0.8568	0.9412	1.2130
56	1595	0.8986	1.6718	0.0000	0.7618	0.7151	1.3375
55	1595	1.6137	1.5583	0.0000	0.8645	0.9320	1.2143
56	1596	0.9278	1.6741	0.0000	0.7628	0.7228	1.3249
55	1596	1.6506	1.5592	0.0000	0.8645	0.9231	1.2151
56	1597	0.9571	1.6756	0.0000	0.7582	0.7311	1.3123
55	1597	1.6882	1.5645	0.0000	0.8572	0.9150	1.2150
56	1598	0.9874	1.6773	0.0000	0.7542	0.7373	1.3021
55	1598	1.7247	1.5713	0.0000	0.8427	0.9091	1.2148
56	1599	1.0183	1.6781	0.0000	0.7490	0.7412	1.2945
55	1599	1.7595	1.5786	0.0000	0.8248	0.9062	1.2140
56	1600	1.0500	1.6780	0.0000	0.7510	0.7420	1.2914
55	1600	1.7920	1.5850	0.0000	0.8020	0.9073	1.2126
56	1601	1.0808	1.6757	0.0000	0.7562	0.7416	1.2924
55	1601	1.8224	1.5909	0.0000	0.7808	0.9114	1.2099
56	1602	1.1104	1.6715	0.0000	0.7615	0.7412	1.2964
55	1602	1.8516	1.5965	0.0000	0.7580	0.9152	1.2074
56	1603	1.1401	1.6669	0.0000	0.7632	0.7395	1.3034
55	1603	1.8796	1.6006	0.0000	0.7400	0.9195	1.2055
56	1604	1.1693	1.6611	0.0000	0.7630	0.7379	1.3122
55	1604	1.9072	1.6025	0.0000	0.7278	0.9229	1.2042
56	1605	1.1990	1.6552	0.0000	0.7575	0.7355	1.3227
55	1605	1.9345	1.6019	0.0000	0.7218	0.9260	1.2037
56	1606	1.2303	1.6520	0.0000	0.7530	0.7326	1.3334
55	1606	1.9629	1.5999	0.0000	0.7215	0.9281	1.2043
56	1607	1.2617	1.6500	0.0000	0.7515	0.7297	1.3443
55	1607	1.9914	1.5963	0.0000	0.7255	0.9282	1.2063
56	1608	1.2927	1.6513	0.0000	0.7478	0.7280	1.3546
55	1608	2.0207	1.5914	0.0000	0.7330	0.9265	1.2088
56	1609	1.3235	1.6538	0.0000	0.7432	0.7271	1.3629
55	1609	2.0506	1.5860	0.0000	0.7430	0.9241	1.2112
56	1610	1.3530	1.6543	0.0000	0.7382	0.7277	1.3709
55	1610	2.0807	1.5803	0.0000	0.7525	0.9207	1.2133
56	1611	1.3820	1.6542	0.0000	0.7300	0.7290	1.3810
55	1611	2.1110	1.5744	0.0000	0.7607	0.9170	1.2151
56	1612	1.4110	1.6541	0.0000	0.7240	0.7308	1.3930
55	1612	2.1418	1.5694	0.0000	0.7675	0.9117	1.2177
56	1613	1.4392	1.6539	0.0000	0.7210	0.7336	1.4050
55	1613	2.1728	1.5651	0.0000	0.7685	0.9058	1.2200
56	1614	1.4666	1.6535	0.0000	0.7205	0.7378	1.4134
55	1614	2.2044	1.5626	0.0000	0.7677	0.8980	1.2226
56	1615	1.4943	1.6522	0.0000	0.7250	0.7412	1.4201
55	1615	2.2355	1.5613	0.0000	0.7622	0.8896	1.2264
56	1616	1.5223	1.6502	0.0000	0.7318	0.7449	1.4242
56	1617	1.5513	1.6476	0.0000	0.7398	0.7471	1.4268
56	1618	1.5811	1.6443	0.0000	0.7508	0.7470	1.4294
56	1619	1.6117	1.6408	0.0000	0.7628	0.7460	1.4306
57	1620	0.9899	1.5565	0.0000	0.7593	0.6531	1.2263
56	1620	1.6430	1.6366	0.0000	0.7735	0.7426	1.4330
57	1621	1.0189	1.5551	0.0000	0.7410	0.6558	1.2251
56	1621	1.6747	1.6314	0.0000	0.7825	0.7381	1.4348
57	1622	1.0472	1.5533	0.0000	0.7282	0.6597	1.2252
56	1622	1.7069	1.6263	0.0000	0.7888	0.7321	1.4370
57	1623	1.0745	1.5513	0.0000	0.7218	0.6650	1.2260
56	1623	1.7395	1.6230	0.0000	0.7925	0.7251	1.4387
57	1624	1.1025	1.5495	0.0000	0.7258	0.6692	1.2291
56	1624	1.7717	1.6238	0.0000	0.7943	0.7184	1.4413
57	1625	1.1308	1.5475	0.0000	0.7345	0.6729	1.2321
56	1625	1.8037	1.6302	0.0000	0.7940	0.7132	1.4429
57	1626	1.1593	1.5465	0.0000	0.7468	0.6760	1.2354
56	1626	1.8353	1.6380	0.0000	0.7913	0.7093	1.4437
57	1627	1.1880	1.5470	0.0000	0.7608	0.6788	1.2390
56	1627	1.8668	1.6434	0.0000	0.7867	0.7071	1.4431
57	1628	1.2176	1.5502	0.0000	0.7785	0.6805	1.2429
56	1628	1.8981	1.6460	0.0000	0.7810	0.7062	1.4423
57	1629	1.2500	1.5578	0.0000	0.7937	0.6794	1.2471
56	1629	1.9294	1.6473	0.0000	0.7757	0.7070	1.4426
57	1630	1.2837	1.5662	0.0000	0.8072	0.6769	1.2525
56	1630	1.9606	1.6486	0.0000	0.7688	0.7083	1.4438
57	1631	1.3176	1.5737	0.0000	0.8185	0.6736	1.2591
56	1631	1.9912	1.6506	0.0000	0.7628	0.7117	1.4437
57	1632	1.3515	1.5796	0.0000	0.8280	0.6701	1.2649
56	1632	2.0216	1.6526	0.0000	0.7560	0.7153	1.4436
57	1633	1.3859	1.5840	0.0000	0.8317	0.6660	1.2678
56	1633	2.0519	1.6540	0.0000	0.7490	0.7194	1.4436
57	1634	1.4200	1.5869	0.0000	0.8285	0.6620	1.2682
56	1634	2.0820	1.6540	0.0000	0.7418	0.7229	1.4441
57	1635	1.4537	1.5885	0.0000	0.8232	0.6575	1.2679
56	1635	2.1112	1.6522	0.0000	0.7343	0.7265	1.4451
57	1636	1.4867	1.5898	0.0000	0.8175	0.6537	1.2664
56	1636	2.1404	1.6498	0.0000	0.7278	0.7287	1.4468
57	1637	1.5192	1.5899	0.0000	0.8117	0.6500	1.2641
56	1637	2.1692	1.6466	0.0000	0.7220	0.7299	1.4494
57	1638	1.5503	1.5876	0.0000	0.8050	0.6474	1.2627
56	1638	2.1977	1.6431	0.0000	0.7155	0.7293	1.4527
57	1639	1.5814	1.5838	0.0000	0.7988	0.6447	1.2615
56	1639	2.2261	1.6400	0.0000	0.7083	0.7278	1.4572
57	1640	1.6130	1.5782	0.0000	0.7940	0.6413	1.2607
56	1640	2.2543	1.6368	0.0000	0.7027	0.7247	1.4641
57	1641	1.6446	1.5711	0.0000	0.7878	0.6377	1.2620
56	1641	2.2823	1.6340	0.0000	0.6970	0.7200	1.4731
58	1642	0.7284	1.7623	0.0000	0.7748	0.9478	1.1975
57	1642	1.6762	1.5633	0.0000	0.7812	0.6342	1.2642
56	1642	2.3104	1.6331	0.0000	0.6915	0.7145	1.4829
58	1643	0.7599	1.7589	0.0000	0.7990	0.9480	1.1957
57	1643	1.7079	1.5561	0.0000	0.7758	0.6302	1.2673
56	1643	2.3381	1.6342	0.0000	0.6882	0.7086	1.4939
58	1644	0.7930	1.7548	0.0000	0.8172	0.9465	1.1958
57	1644	1.7395	1.5519	0.0000	0.7698	0.6258	1.2720
56	1644	2.3653	1.6354	0.0000	0.6865	0.7036	1.5044
58	1645	0.8271	1.7507	0.0000	0.8245	0.9442	1.1955
57	1645	1.7713	1.5520	0.0000	0.7622	0.6210	1.2778
56	1645	2.3923	1.6357	0.0000	0.6870	0.6984	1.5158
58	1646	0.8611	1.7476	0.0000	0.8250	0.9407	1.1955
57	1646	1.8018	1.5540	0.0000	0.7550	0.6174	1.2836
56	1646	2.4192	1.6347	0.0000	0.6895	0.6932	1.5260
58	1647	0.8970	1.7491	0.0000	0.8240	0.9347	1.1959
57	1647	1.8317	1.5574	0.0000	0.7473	0.6141	1.2913
56	1647	2.4458	1.6332	0.0000	0.6947	0.6873	1.5368
58	1648	0.9334	1.7562	0.0000	0.8220	0.9272	1.1954
57	1648	1.8606	1.5604	0.0000	0.7403	0.6124	1.2990
58	1649	0.9676	1.7641	0.0000	0.8150	0.9217	1.1961
57	1649	1.8893	1.5633	0.0000	0.7330	0.6114	1.3045
58	1650	0.9977	1.7696	0.0000	0.8022	0.9202	1.1966
57	1650	1.9179	1.5655	0.0000	0.7270	0.6112	1.3060
58	1651	1.0275	1.7725	0.0000	0.7908	0.9191	1.1956
57	1651	1.9466	1.5668	0.0000	0.7257	0.6115	1.3067
58	1652	1.0580	1.7744	0.0000	0.7753	0.9171	1.1962
57	1652	1.9751	1.5668	0.0000	0.7260	0.6132	1.3069
58	1653	1.0887	1.7767	0.0000	0.7610	0.9153	1.1960
57	1653	2.0040	1.5668	0.0000	0.7315	0.6148	1.3071
58	1654	1.1190	1.7784	0.0000	0.7525	0.9137	1.1972
57	1654	2.0327	1.5658	0.0000	0.7393	0.6171	1.3065
58	1655	1.1480	1.7787	0.0000	0.7570	0.9141	1.1988
57	1655	2.0621	1.5647	0.0000	0.7498	0.6187	1.3048
58	1656	1.1774	1.7770	0.0000	0.7605	0.9147	1.2016
57	1656	2.0921	1.5630	0.0000	0.7655	0.6208	1.3025
58	1657	1.2071	1.7744	0.0000	0.7565	0.9150	1.2046
57	1657	2.1221	1.5605	0.0000	0.7838	0.6232	1.3002
58	1658	1.2378	1.7703	0.0000	0.7450	0.9154	1.2083
57	1658	2.1532	1.5580	0.0000	0.8010	0.6249	1.2984
58	1659	1.2686	1.7654	0.0000	0.7377	0.9164	1.2094
57	1659	2.1850	1.5560	0.0000	0.8150	0.6265	1.2963
58	1660	1.3005	1.7587	0.0000	0.7358	0.9173	1.2107
57	1660	2.2178	1.5563	0.0000	0.8257	0.6277	1.2945
58	1661	1.3317	1.7503	0.0000	0.7355	0.9211	1.2108
57	1661	2.2528	1.5605	0.0000	0.8343	0.6257	1.2930
58	1662	1.3606	1.7416	0.0000	0.7295	0.9280	1.2097
57	1662	2.2886	1.5676	0.0000	0.8427	0.6220	1.2903
58	1663	1.3867	1.7333	0.0000	0.7180	0.9377	1.2108
57	1663	2.3244	1.5758	0.0000	0.8455	0.6168	1.2866
58	1664	1.4141	1.7288	0.0000	0.7050	0.9446	1.2129
57	1664	2.3587	1.5826	0.0000	0.8410	0.6119	1.2849
58	1665	1.4423	1.7294	0.0000	0.6890	0.9501	1.2157
57	1665	2.3924	1.5866	0.0000	0.8313	0.6062	1.2851
58	1666	1.4716	1.7322	0.0000	0.6712	0.9542	1.2179
57	1666	2.4258	1.5885	0.0000	0.8120	0.5992	1.2875
59	1667	0.8166	1.7435	0.0000	0.8503	0.6823	1.3384
58	1667	1.4989	1.7341	0.0000	0.6562	0.9603	1.2176
57	1667	2.4592	1.5897	0.0000	0.7902	0.5918	1.2886
59	1668	0.8665	1.7404	0.0000	0.8265	0.6585	1.3473
58	1668	1.5250	1.7348	0.0000	0.6438	0.9664	1.2308
57	1668	2.4914	1.5900	0.0000	0.7648	0.5846	1.2895
59	1669	0.8961	1.7413	0.0000	0.8087	0.6545	1.3572
58	1669	1.5506	1.7357	0.0000	0.6288	0.9708	1.2305
57	1669	2.5214	1.5893	0.0000	0.7410	0.5776	1.2917
59	1670	0.9215	1.7396	0.0000	0.7900	0.6546	1.3681
58	1670	1.5761	1.7366	0.0000	0.6180	0.9742	1.2279
57	1670	2.5503	1.5873	0.0000	0.7155	0.5709	1.2944
59	1671	0.9483	1.7364	0.0000	0.7775	0.6519	1.3793
58	1671	1.6002	1.7376	0.0000	0.6095	0.9774	1.2275
59	1672	0.9754	1.7318	0.0000	0.7708	0.6477	1.3898
58	1672	1.6231	1.7370	0.0000	0.6095	0.9816	1.2275
59	1673	1.0032	1.7279	0.0000	0.7230	0.6410	1.4010
58	1673	1.6442	1.7326	0.0000	0.6193	0.9861	1.2292
59	1674	1.0332	1.7237	0.0000	0.7265	0.6324	1.4088
58	1674	1.6656	1.7259	0.0000	0.6325	0.9895	1.2331
59	1675	1.0632	1.7196	0.0000	0.7410	0.6263	1.4137
58	1675	1.6895	1.7179	0.0000	0.6500	0.9891	1.2381
59	1676	1.0946	1.7159	0.0000	0.7580	0.6208	1.4153
58	1676	1.7154	1.7091	0.0000	0.6720	0.9854	1.2452
59	1677	1.1249	1.7121	0.0000	0.7745	0.6178	1.4133
58	1677	1.7427	1.7007	0.0000	0.6985	0.9803	1.2515
59	1678	1.1557	1.7080	0.0000	0.7837	0.6170	1.4089
58	1678	1.7727	1.6932	0.0000	0.7290	0.9731	1.2578
59	1679	1.1867	1.7062	0.0000	0.7858	0.6169	1.4049
58	1679	1.8036	1.6884	0.0000	0.7558	0.9647	1.2645
59	1680	1.2179	1.7071	0.0000	0.7885	0.6182	1.3988
58	1680	1.8361	1.6883	0.0000	0.7725	0.9538	1.2723
59	1681	1.2515	1.7154	0.0000	0.7887	0.6175	1.3932
58	1681	1.8690	1.6931	0.0000	0.7817	0.9423	1.2822
59	1682	1.2852	1.7227	0.0000	0.7908	0.6173	1.3869
58	1682	1.9025	1.7006	0.0000	0.7840	0.9302	1.2924
59	1683	1.3167	1.7262	0.0000	0.7948	0.6191	1.3815
58	1683	1.9358	1.7061	0.0000	0.7793	0.9193	1.3001
59	1684	1.3475	1.7281	0.0000	0.7942	0.6204	1.3781
58	1684	1.9679	1.7098	0.0000	0.7710	0.9102	1.3067
59	1685	1.3786	1.7309	0.0000	0.7913	0.6199	1.3758
58	1685	1.9985	1.7132	0.0000	0.7562	0.9022	1.3140
59	1686	1.4101	1.7332	0.0000	0.7800	0.6180	1.3756
58	1686	2.0281	1.7172	0.0000	0.7407	0.8944	1.3224
59	1687	1.4412	1.7358	0.0000	0.7665	0.6151	1.3770
58	1687	2.0563	1.7215	0.0000	0.7228	0.8875	1.3310
59	1688	1.4736	1.7381	0.0000	0.7595	0.6108	1.3792
58	1688	2.0844	1.7244	0.0000	0.7050	0.8810	1.3407
59	1689	1.5044	1.7384	0.0000	0.7505	0.6076	1.3817
58	1689	2.1120	1.7252	0.0000	0.6903	0.8756	1.3484
59	1690	1.5344	1.7372	0.0000	0.7400	0.6042	1.3856
58	1690	2.1386	1.7245	0.0000	0.6768	0.8723	1.3546
60	1691	0.7262	1.7003	0.0000	0.7522	0.8373	1.2938
59	1691	1.5635	1.7350	0.0000	0.7285	0.6018	1.3898
58	1691	2.1653	1.7219	0.0000	0.6663	0.8698	1.3591
60	1692	0.7567	1.7039	0.0000	0.7508	0.8351	1.2894
59	1692	1.5918	1.7314	0.0000	0.7193	0.5998	1.3938
58	1692	2.1916	1.7179	0.0000	0.6598	0.8684	1.3622
60	1693	0.7873	1.7080	0.0000	0.7505	0.8332	1.2848
59	1693	1.6205	1.7268	0.0000	0.7067	0.5973	1.3981
58	1693	2.2178	1.7114	0.0000	0.6535	0.8681	1.3648
60	1694	0.8170	1.7102	0.0000	0.7523	0.8307	1.2825
59	1694	1.6477	1.7220	0.0000	0.6957	0.5963	1.4015
58	1694	2.2440	1.7042	0.0000	0.6462	0.8687	1.3652
60	1695	0.8460	1.7107	0.0000	0.7530	0.8286	1.2811
59	1695	1.6746	1.7172	0.0000	0.6875	0.5946	1.4053
60	1696	0.8751	1.7099	0.0000	0.7553	0.8264	1.2805
59	1696	1.7015	1.7176	0.0000	0.6798	0.5931	1.4089
60	1697	0.9042	1.7072	0.0000	0.7607	0.8247	1.2774
59	1697	1.7289	1.7207	0.0000	0.6777	0.5913	1.4124
60	1698	0.9345	1.7039	0.0000	0.7663	0.8218	1.2770
59	1698	1.7563	1.7241	0.0000	0.6737	0.5895	1.4171
60	1699	0.9654	1.6993	0.0000	0.7753	0.8173	1.2769
59	1699	1.7827	1.7251	0.0000	0.6725	0.5878	1.4234
60	1700	0.9964	1.6933	0.0000	0.7858	0.8130	1.2772
59	1700	1.8094	1.7226	0.0000	0.6700	0.5851	1.4305
60	1701	1.0283	1.6871	0.0000	0.7948	0.8071	1.2772
59	1701	1.8354	1.7189	0.0000	0.6620	0.5831	1.4386
60	1702	1.0610	1.6806	0.0000	0.8005	0.8019	1.2753
59	1702	1.8629	1.7147	0.0000	0.6572	0.5798	1.4475
60	1703	1.0938	1.6739	0.0000	0.7990	0.7962	1.2747
59	1703	1.8900	1.7124	0.0000	0.6545	0.5767	1.4568
60	1704	1.1271	1.6698	0.0000	0.7948	0.7896	1.2909
59	1704	1.9167	1.7116	0.0000	0.6587	0.5752	1.4654
60	1705	1.1603	1.6687	0.0000	0.7830	0.7823	1.2937
59	1705	1.9426	1.7112	0.0000	0.6703	0.5745	1.4741
60	1706	1.1930	1.6701	0.0000	0.7662	0.7733	1.2982
59	1706	1.9663	1.7090	0.0000	0.6883	0.5759	1.4824
60	1707	1.2244	1.6710	0.0000	0.7440	0.7674	1.3017
59	1707	1.9918	1.7065	0.0000	0.7048	0.5758	1.4890
60	1708	1.2541	1.6713	0.0000	0.7215	0.7640	1.3040
59	1708	2.0181	1.7023	0.0000	0.7258	0.5765	1.4920
60	1709	1.2833	1.6732	0.0000	0.6962	0.7629	1.3056
59	1709	2.0462	1.6983	0.0000	0.7450	0.5754	1.4944
60	1710	1.3096	1.6744	0.0000	0.6715	0.7679	1.3050
59	1710	2.0775	1.6948	0.0000	0.7670	0.5721	1.4925
60	1711	1.3348	1.6754	0.0000	0.6502	0.7759	1.3030
59	1711	2.1107	1.6912	0.0000	0.7900	0.5678	1.4884
60	1712	1.3586	1.6751	0.0000	0.6328	0.7862	1.3016
59	1712	2.1448	1.6897	0.0000	0.8025	0.5637	1.4816
60	1713	1.3824	1.6741	0.0000	0.6220	0.7979	1.2995
59	1713	2.1803	1.6922	0.0000	0.8130	0.5601	1.4728
60	1714	1.4056	1.6717	0.0000	0.6130	0.8091	1.2994
59	1714	2.2147	1.6999	0.0000	0.8160	0.5593	1.4616
60	1715	1.4289	1.6697	0.0000	0.6162	0.8205	1.2995
59	1715	2.2494	1.7097	0.0000	0.8113	0.5626	1.4460
60	1716	1.4531	1.6682	0.0000	0.6252	0.8292	1.3007
59	1716	2.2823	1.7181	0.0000	0.8005	0.5697	1.4297
60	1717	1.4775	1.6661	0.0000	0.6395	0.8353	1.3023
59	1717	2.3128	1.7238	0.0000	0.7840	0.5818	1.4113
60	1718	1.5029	1.6635	0.0000	0.6560	0.8404	1.3022
59	1718	2.3433	1.7272	0.0000	0.7637	0.5934	1.3949
60	1719	1.5285	1.6601	0.0000	0.6745	0.8441	1.3017
59	1719	2.3726	1.7283	0.0000	0.7427	0.6022	1.3828
60	1720	1.5561	1.6581	0.0000	0.6942	0.8459	1.3000
59	1720	2.4020	1.7294	0.0000	0.7175	0.6088	1.3749
60	1721	1.5849	1.6558	0.0000	0.7115	0.8460	1.2975
59	1721	2.4309	1.7296	0.0000	0.6955	0.6144	1.3695
60	1722	1.6144	1.6553	0.0000	0.7250	0.8440	1.2945
59	1722	2.4584	1.7305	0.0000	0.6798	0.6115	1.3741
60	1723	1.6448	1.6558	0.0000	0.7335	0.8410	1.2904
59	1723	2.4858	1.7310	0.0000	0.6640	0.6044	1.3837
61	1724	0.9593	1.6769	0.0000	0.6420	0.7161	1.2034
60	1724	1.6754	1.6582	0.0000	0.7372	0.8364	1.2882
59	1724	2.5118	1.7315	0.0000	0.6500	0.5966	1.3957
61	1725	0.9838	1.6761	0.0000	0.6447	0.7228	1.2032
60	1725	1.7066	1.6614	0.0000	0.7327	0.8298	1.2882
59	1725	2.5364	1.7306	0.0000	0.6332	0.5894	1.4092
61	1726	1.0100	1.6755	0.0000	0.6562	0.7277	1.2024
60	1726	1.7377	1.6646	0.0000	0.7240	0.8228	1.2899
61	1727	1.0368	1.6744	0.0000	0.6705	0.7307	1.2022
60	1727	1.7675	1.6658	0.0000	0.7087	0.8172	1.2921
61	1728	1.0648	1.6733	0.0000	0.6812	0.7315	1.2027
60	1728	1.7963	1.6661	0.0000	0.6927	0.8126	1.2953
61	1729	1.0930	1.6721	0.0000	0.6832	0.7304	1.2035
60	1729	1.8234	1.6661	0.0000	0.6738	0.8092	1.2990
61	1730	1.1214	1.6702	0.0000	0.6835	0.7278	1.2048
60	1730	1.8492	1.6656	0.0000	0.6560	0.8061	1.3039
61	1731	1.1520	1.6724	0.0000	0.6830	0.7225	1.2064
60	1731	1.8745	1.6656	0.0000	0.6405	0.8033	1.3108
61	1732	1.1816	1.6772	0.0000	0.6815	0.7163	1.2088
60	1732	1.8979	1.6644	0.0000	0.6293	0.8014	1.3178
61	1733	1.2084	1.6825	0.0000	0.6745	0.7135	1.2124
60	1733	1.9219	1.6643	0.0000	0.6205	0.7990	1.3223
61	1734	1.2326	1.6862	0.0000	0.6640	0.7123	1.2173
60	1734	1.9449	1.6629	0.0000	0.6180	0.7962	1.3258
61	1735	1.2572	1.6876	0.0000	0.6500	0.7118	1.2232
60	1735	1.9690	1.6611	0.0000	0.6205	0.7913	1.3306
61	1736	1.2832	1.6879	0.0000	0.6338	0.7107	1.2282
60	1736	1.9939	1.6587	0.0000	0.6252	0.7837	1.3383
61	1737	1.3094	1.6882	0.0000	0.6223	0.7098	1.2343
60	1737	2.0192	1.6541	0.0000	0.6355	0.7768	1.3454
61	1738	1.3346	1.6888	0.0000	0.6202	0.7099	1.2408
60	1738	2.0445	1.6481	0.0000	0.6435	0.7700	1.3514
61	1739	1.3586	1.6894	0.0000	0.6245	0.7120	1.2452
60	1739	2.0706	1.6419	0.0000	0.6570	0.7640	1.3550
61	1740	1.3814	1.6881	0.0000	0.6292	0.7160	1.2494
60	1740	2.0974	1.6363	0.0000	0.6638	0.7588	1.3561
61	1741	1.4055	1.6857	0.0000	0.6308	0.7191	1.2523
60	1741	2.1246	1.6320	0.0000	0.6678	0.7540	1.3577
61	1742	1.4305	1.6825	0.0000	0.6385	0.7216	1.2534
60	1742	2.1521	1.6304	0.0000	0.6685	0.7481	1.3608
61	1743	1.4565	1.6785	0.0000	0.6490	0.7228	1.2534
60	1743	2.1793	1.6306	0.0000	0.6677	0.7440	1.3635
61	1744	1.4824	1.6737	0.0000	0.6610	0.7253	1.2520
60	1744	2.2077	1.6324	0.0000	0.6612	0.7394	1.3655
61	1745	1.5089	1.6681	0.0000	0.6670	0.7256	1.2527
60	1745	2.2345	1.6321	0.0000	0.6500	0.7380	1.3665
61	1746	1.5355	1.6618	0.0000	0.6638	0.7255	1.2545
60	1746	2.2610	1.6318	0.0000	0.6332	0.7382	1.3664
61	1747	1.5648	1.6568	0.0000	0.6577	0.7218	1.2568
60	1747	2.2866	1.6315	0.0000	0.6153	0.7417	1.3666
61	1748	1.5942	1.6549	0.0000	0.6463	0.7174	1.2582
60	1748	2.3116	1.6321	0.0000	0.5973	0.7476	1.3652
61	1749	1.6230	1.6554	0.0000	0.6338	0.7121	1.2597
60	1749	2.3351	1.6329	0.0000	0.5778	0.7575	1.3609
61	1750	1.6482	1.6553	0.0000	0.6143	0.7092	1.2613
60	1750	2.3574	1.6335	0.0000	0.5665	0.7686	1.3534
61	1751	1.6710	1.6541	0.0000	0.5957	0.7069	1.2643
61	1752	1.6936	1.6532	0.0000	0.5723	0.7046	1.2678
61	1753	1.7150	1.6529	0.0000	0.5532	0.7032	1.2719
61	1754	1.7359	1.6538	0.0000	0.5373	0.7029	1.2770
61	1755	1.7546	1.6549	0.0000	0.5290	0.7065	1.2811
61	1756	1.7738	1.6553	0.0000	0.5252	0.7103	1.2848
61	1757	1.7937	1.6548	0.0000	0.5297	0.7140	1.2889
61	1758	1.8155	1.6543	0.0000	0.5405	0.7163	1.2928
62	1759	1.0142	1.6950	0.0000	0.6982	0.8237	1.0927
61	1759	1.8379	1.6532	0.0000	0.5590	0.7192	1.2963
62	1760	1.0442	1.6968	0.0000	0.6912	0.8156	1.0995
61	1760	1.8598	1.6513	0.0000	0.5860	0.7230	1.2999
62	1761	1.0730	1.7002	0.0000	0.6838	0.8081	1.1061
61	1761	1.8811	1.6486	0.0000	0.6117	0.7288	1.3013
62	1762	1.1016	1.7038	0.0000	0.6780	0.8039	1.1099
61	1762	1.9055	1.6471	0.0000	0.6312	0.7326	1.3017
62	1763	1.1278	1.7067	0.0000	0.6682	0.8034	1.1110
61	1763	1.9312	1.6461	0.0000	0.6435	0.7363	1.2990
62	1764	1.1519	1.7076	0.0000	0.6565	0.8076	1.1102
61	1764	1.9595	1.6499	0.0000	0.6545	0.7374	1.2945
62	1765	1.1764	1.7072	0.0000	0.6407	0.8126	1.1089
61	1765	1.9890	1.6560	0.0000	0.6630	0.7363	1.2912
62	1766	1.2009	1.7060	0.0000	0.6243	0.8176	1.1069
61	1766	2.0185	1.6616	0.0000	0.6705	0.7339	1.2891
62	1767	1.2272	1.7041	0.0000	0.6113	0.8190	1.1056
61	1767	2.0462	1.6644	0.0000	0.6675	0.7323	1.2892
62	1768	1.2521	1.7024	0.0000	0.6080	0.8208	1.1039
61	1768	2.0729	1.6651	0.0000	0.6570	0.7298	1.2898
62	1769	1.2768	1.7004	0.0000	0.6152	0.8229	1.1030
61	1769	2.0997	1.6655	0.0000	0.6435	0.7266	1.2907
62	1770	1.3005	1.6987	0.0000	0.6223	0.8245	1.1032
61	1770	2.1250	1.6659	0.0000	0.6277	0.7226	1.2927
62	1771	1.3227	1.6974	0.0000	0.6292	0.8266	1.1050
61	1771	2.1493	1.6676	0.0000	0.6145	0.7185	1.2944
62	1772	1.3461	1.6951	0.0000	0.6325	0.8264	1.1085
61	1772	2.1725	1.6690	0.0000	0.6088	0.7157	1.2969
62	1773	1.3710	1.6922	0.0000	0.6372	0.8230	1.1130
61	1773	2.1940	1.6690	0.0000	0.6105	0.7139	1.3013
62	1774	1.3980	1.6881	0.0000	0.6445	0.8189	1.1172
61	1774	2.2169	1.6679	0.0000	0.6120	0.7112	1.3071
62	1775	1.4253	1.6844	0.0000	0.6562	0.8148	1.1216
61	1775	2.2401	1.6656	0.0000	0.6235	0.7079	1.3135
62	1776	1.4526	1.6812	0.0000	0.6733	0.8117	1.1256
61	1776	2.2643	1.6624	0.0000	0.6395	0.7036	1.3199
62	1777	1.4802	1.6792	0.0000	0.6853	0.8095	1.1289
61	1777	2.2897	1.6578	0.0000	0.6570	0.6978	1.3269
62	1778	1.5070	1.6790	0.0000	0.6912	0.8101	1.1314
61	1778	2.3171	1.6531	0.0000	0.6790	0.6898	1.3334
62	1779	1.5346	1.6803	0.0000	0.6900	0.8099	1.1328
61	1779	2.3445	1.6467	0.0000	0.6940	0.6812	1.3413
62	1780	1.5630	1.6840	0.0000	0.6867	0.8114	1.1315
61	1780	2.3744	1.6413	0.0000	0.7040	0.6697	1.3503
62	1781	1.5920	1.6889	0.0000	0.6823	0.8131	1.1302
61	1781	2.4051	1.6366	0.0000	0.7103	0.6568	1.3606
62	1782	1.6202	1.6946	0.0000	0.6755	0.8151	1.1301
61	1782	2.4353	1.6362	0.0000	0.7098	0.6437	1.3710
62	1783	1.6475	1.6995	0.0000	0.6670	0.8181	1.1312
61	1783	2.4656	1.6394	0.0000	0.7022	0.6302	1.3809
62	1784	1.6740	1.7030	0.0000	0.6550	0.8205	1.1331
61	1784	2.4945	1.6423	0.0000	0.6912	0.6170	1.3913
62	1785	1.7000	1.7049	0.0000	0.6400	0.8217	1.1355
61	1785	2.5217	1.6422	0.0000	0.6690	0.6047	1.4021
62	1786	1.7255	1.7053	0.0000	0.6232	0.8229	1.1371
62	1787	1.7504	1.7058	0.0000	0.6107	0.8232	1.1395
62	1788	1.7738	1.7064	0.0000	0.6002	0.8242	1.1427
63	1789	0.8772	1.7841	0.0000	0.7317	0.9194	1.1204
62	1789	1.7966	1.7078	0.0000	0.5955	0.8244	1.1469
63	1790	0.9069	1.7795	0.0000	0.7295	0.9121	1.1222
62	1790	1.8190	1.7080	0.0000	0.5897	0.8230	1.1527
63	1791	0.9359	1.7736	0.0000	0.7313	0.9054	1.1237
62	1791	1.8413	1.7074	0.0000	0.5880	0.8217	1.1580
63	1792	0.9646	1.7676	0.0000	0.7310	0.8999	1.1249
62	1792	1.8645	1.7060	0.0000	0.5878	0.8191	1.1635
63	1793	0.9938	1.7617	0.0000	0.7280	0.8938	1.1266
62	1793	1.8876	1.7033	0.0000	0.5937	0.8183	1.1682
63	1794	1.0221	1.7570	0.0000	0.7200	0.8901	1.1274
62	1794	1.9122	1.6994	0.0000	0.6033	0.8178	1.1710
63	1795	1.0521	1.7556	0.0000	0.7120	0.8838	1.1297
62	1795	1.9359	1.6945	0.0000	0.6168	0.8206	1.1734
63	1796	1.0821	1.7576	0.0000	0.7073	0.8786	1.1324
62	1796	1.9607	1.6894	0.0000	0.6295	0.8247	1.1742
63	1797	1.1108	1.7614	0.0000	0.7063	0.8747	1.1362
62	1797	1.9855	1.6844	0.0000	0.6398	0.8301	1.1732
63	1798	1.1389	1.7645	0.0000	0.7003	0.8724	1.1411
62	1798	2.0113	1.6798	0.0000	0.6468	0.8367	1.1702
63	1799	1.1652	1.7640	0.0000	0.6935	0.8727	1.1455
62	1799	2.0379	1.6768	0.0000	0.6480	0.8442	1.1649
63	1800	1.1917	1.7632	0.0000	0.6850	0.8740	1.1495
62	1800	2.0657	1.6758	0.0000	0.6493	0.8523	1.1585
63	1801	1.2188	1.7621	0.0000	0.6785	0.8743	1.1540
62	1801	2.0931	1.6771	0.0000	0.6440	0.8614	1.1523
63	1802	1.2471	1.7615	0.0000	0.6780	0.8733	1.1589
62	1802	2.1204	1.6799	0.0000	0.6390	0.8711	1.1465
63	1803	1.2739	1.7615	0.0000	0.6822	0.8724	1.1650
62	1803	2.1463	1.6833	0.0000	0.6338	0.8806	1.1409
63	1804	1.2995	1.7617	0.0000	0.6915	0.8719	1.1716
62	1804	2.1714	1.6863	0.0000	0.6247	0.8885	1.1361
63	1805	1.3261	1.7615	0.0000	0.6993	0.8695	1.1781
62	1805	2.1956	1.6882	0.0000	0.6137	0.8953	1.1333
63	1806	1.3535	1.7607	0.0000	0.7072	0.8648	1.1846
62	1806	2.2183	1.6894	0.0000	0.6012	0.9017	1.1322
63	1807	1.3820	1.7583	0.0000	0.7110	0.8591	1.1907
63	1808	1.4118	1.7554	0.0000	0.7180	0.8530	1.1959
63	1809	1.4418	1.7518	0.0000	0.7322	0.8460	1.2017
63	1810	1.4714	1.7486	0.0000	0.7425	0.8398	1.2077
63	1811	1.5017	1.7458	0.0000	0.7467	0.8319	1.2149
63	1812	1.5315	1.7444	0.0000	0.7460	0.8251	1.2220
63	1813	1.5611	1.7472	0.0000	0.7435	0.8190	1.2293
63	1814	1.5924	1.7528	0.0000	0.7443	0.8136	1.2358
63	1815	1.6231	1.7594	0.0000	0.7477	0.8100	1.2417
63	1816	1.6522	1.7648	0.0000	0.7472	0.8098	1.2455
63	1817	1.6804	1.7669	0.0000	0.7470	0.8111	1.2482
63	1818	1.7092	1.7679	0.0000	0.7450	0.8128	1.2489
63	1819	1.7395	1.7672	0.0000	0.7408	0.8140	1.2482
63	1820	1.7705	1.7664	0.0000	0.7375	0.8173	1.2449
64	1821	1.0107	1.5706	0.0000	0.7000	0.7899	1.1265
63	1821	1.8006	1.7661	0.0000	0.7385	0.8204	1.2420
64	1822	1.0381	1.5688	0.0000	0.6750	0.7922	1.1295
63	1822	1.8303	1.7653	0.0000	0.7415	0.8252	1.2366
64	1823	1.0638	1.5670	0.0000	0.6575	0.7953	1.1321
63	1823	1.8591	1.7627	0.0000	0.7432	0.8277	1.2323
64	1824	1.0887	1.5658	0.0000	0.6422	0.8000	1.1333
63	1824	1.8887	1.7591	0.0000	0.7412	0.8281	1.2284
64	1825	1.1123	1.5651	0.0000	0.6325	0.8058	1.1337
63	1825	1.9181	1.7546	0.0000	0.7345	0.8286	1.2237
64	1826	1.1362	1.5646	0.0000	0.6275	0.8114	1.1328
63	1826	1.9476	1.7481	0.0000	0.7280	0.8284	1.2197
64	1827	1.1592	1.5640	0.0000	0.6305	0.8178	1.1318
63	1827	1.9770	1.7409	0.0000	0.7240	0.8280	1.2152
64	1828	1.1836	1.5643	0.0000	0.6382	0.8229	1.1310
63	1828	2.0065	1.7334	0.0000	0.7195	0.8267	1.2124
64	1829	1.2081	1.5653	0.0000	0.6505	0.8279	1.1309
63	1829	2.0360	1.7256	0.0000	0.7117	0.8246	1.2103
64	1830	1.2342	1.5680	0.0000	0.6648	0.8301	1.1317
63	1830	2.0643	1.7183	0.0000	0.6960	0.8219	1.2107
64	1831	1.2617	1.5722	0.0000	0.6762	0.8301	1.1328
63	1831	2.0918	1.7128	0.0000	0.6785	0.8197	1.2123
64	1832	1.2903	1.5773	0.0000	0.6900	0.8296	1.1329
63	1832	2.1199	1.7114	0.0000	0.6595	0.8164	1.2151
64	1833	1.3191	1.5817	0.0000	0.6990	0.8278	1.1323
63	1833	2.1469	1.7131	0.0000	0.6417	0.8140	1.2182
64	1834	1.3489	1.5854	0.0000	0.7045	0.8245	1.1308
63	1834	2.1734	1.7155	0.0000	0.6227	0.8118	1.2223
64	1835	1.3782	1.5872	0.0000	0.7040	0.8183	1.1309
63	1835	2.1965	1.7176	0.0000	0.6095	0.8117	1.2270
64	1836	1.4067	1.5870	0.0000	0.6975	0.8123	1.1320
63	1836	2.2190	1.7185	0.0000	0.6005	0.8104	1.2325
64	1837	1.4352	1.5863	0.0000	0.6867	0.8056	1.1346
63	1837	2.2408	1.7187	0.0000	0.5910	0.8077	1.2397
64	1838	1.4632	1.5867	0.0000	0.6757	0.8000	1.1371
63	1838	2.2632	1.7196	0.0000	0.5893	0.8028	1.2478
64	1839	1.4899	1.5883	0.0000	0.6615	0.7952	1.1406
63	1839	2.2851	1.7208	0.0000	0.5905	0.7990	1.2545
64	1840	1.5158	1.5903	0.0000	0.6507	0.7923	1.1438
63	1840	2.3081	1.7225	0.0000	0.6038	0.7948	1.2602
64	1841	1.5407	1.5916	0.0000	0.6437	0.7913	1.1461
63	1841	2.3320	1.7237	0.0000	0.6200	0.7894	1.2653
64	1842	1.5650	1.5906	0.0000	0.6380	0.7913	1.1480
63	1842	2.3563	1.7235	0.0000	0.6380	0.7836	1.2699
64	1843	1.5894	1.5882	0.0000	0.6343	0.7932	1.1490
64	1844	1.6135	1.5841	0.0000	0.6350	0.7961	1.1502
64	1845	1.6385	1.5791	0.0000	0.6372	0.7995	1.1510
64	1846	1.6642	1.5745	0.0000	0.6415	0.8028	1.1525
64	1847	1.6904	1.5700	0.0000	0.6460	0.8056	1.1545
64	1848	1.7169	1.5653	0.0000	0.6493	0.8092	1.1559
64	1849	1.7439	1.5631	0.0000	0.6502	0.8125	1.1573
64	1850	1.7707	1.5622	0.0000	0.6470	0.8173	1.1581
64	1851	1.7973	1.5623	0.0000	0.6408	0.8233	1.1586
64	1852	1.8234	1.5623	0.0000	0.6320	0.8287	1.1602
65	1853	0.9630	1.5830	0.0000	0.8592	0.8861	1.0946
64	1853	1.8491	1.5617	0.0000	0.6235	0.8340	1.1627
65	1854	0.9996	1.5889	0.0000	0.8535	0.8740	1.0967
64	1854	1.8736	1.5602	0.0000	0.6148	0.8404	1.1666
65	1855	1.0373	1.5959	0.0000	0.8377	0.8600	1.0997
64	1855	1.8973	1.5579	0.0000	0.6077	0.8481	1.1709
65	1856	1.0735	1.5993	0.0000	0.8135	0.8470	1.1033
64	1856	1.9205	1.5557	0.0000	0.6028	0.8568	1.1738
65	1857	1.1074	1.5990	0.0000	0.7850	0.8358	1.1072
64	1857	1.9432	1.5531	0.0000	0.6033	0.8644	1.1763
65	1858	1.1396	1.5974	0.0000	0.7552	0.8267	1.1104
64	1858	1.9663	1.5513	0.0000	0.6078	0.8694	1.1792
65	1859	1.1696	1.5955	0.0000	0.7242	0.8202	1.1135
64	1859	1.9898	1.5507	0.0000	0.6210	0.8720	1.1819
65	1860	1.1961	1.5938	0.0000	0.6957	0.8177	1.1158
64	1860	2.0138	1.5509	0.0000	0.6415	0.8732	1.1828
65	1861	1.2198	1.5920	0.0000	0.6758	0.8186	1.1176
64	1861	2.0384	1.5517	0.0000	0.6657	0.8734	1.1820
65	1862	1.2423	1.5902	0.0000	0.6630	0.8224	1.1185
64	1862	2.0647	1.5523	0.0000	0.6955	0.8718	1.1805
65	1863	1.2651	1.5883	0.0000	0.6557	0.8271	1.1183
64	1863	2.0922	1.5528	0.0000	0.7265	0.8688	1.1793
65	1864	1.2893	1.5863	0.0000	0.6550	0.8327	1.1176
64	1864	2.1220	1.5525	0.0000	0.7572	0.8636	1.1790
65	1865	1.3156	1.5842	0.0000	0.6630	0.8383	1.1159
64	1865	2.1539	1.5523	0.0000	0.7858	0.8543	1.1816
65	1866	1.3438	1.5810	0.0000	0.6803	0.8430	1.1142
64	1866	2.1868	1.5512	0.0000	0.8110	0.8449	1.1849
65	1867	1.3726	1.5771	0.0000	0.7028	0.8488	1.1118
64	1867	2.2214	1.5512	0.0000	0.8280	0.8324	1.1896
65	1868	1.4019	1.5732	0.0000	0.7245	0.8550	1.1090
64	1868	2.2569	1.5532	0.0000	0.8398	0.8193	1.1945
65	1869	1.4316	1.5703	0.0000	0.7395	0.8611	1.1067
64	1869	2.2927	1.5564	0.0000	0.8425	0.8047	1.2006
65	1870	1.4613	1.5684	0.0000	0.7475	0.8668	1.1049
64	1870	2.3281	1.5606	0.0000	0.8360	0.7895	1.2075
65	1871	1.4919	1.5700	0.0000	0.7520	0.8709	1.1041
64	1871	2.3628	1.5639	0.0000	0.8230	0.7736	1.2162
65	1872	1.5234	1.5756	0.0000	0.7548	0.8725	1.1044
65	1873	1.5549	1.5836	0.0000	0.7535	0.8732	1.1045
65	1874	1.5851	1.5901	0.0000	0.7495	0.8739	1.1050
65	1875	1.6146	1.5949	0.0000	0.7430	0.8737	1.1055
65	1876	1.6446	1.5977	0.0000	0.7322	0.8714	1.1059
66	1877	0.7353	1.5255	0.0000	0.7358	0.9392	1.2070
65	1877	1.6745	1.5996	0.0000	0.7210	0.8671	1.1072
66	1878	0.7629	1.5252	0.0000	0.7360	0.9404	1.2057
65	1878	1.7033	1.6014	0.0000	0.7112	0.8623	1.1094
66	1879	0.7905	1.5236	0.0000	0.7412	0.9409	1.2051
65	1879	1.7314	1.6034	0.0000	0.7057	0.8569	1.1125
66	1880	0.8191	1.5214	0.0000	0.7525	0.9394	1.2053
65	1880	1.7585	1.6046	0.0000	0.7030	0.8516	1.1167
66	1881	0.8485	1.5182	0.0000	0.7712	0.9363	1.2060
65	1881	1.7848	1.6052	0.0000	0.6995	0.8473	1.1213
66	1882	0.8793	1.5140	0.0000	0.7920	0.9325	1.2068
65	1882	1.8118	1.6043	0.0000	0.6970	0.8424	1.1268
66	1883	0.9118	1.5092	0.0000	0.8140	0.9276	1.2063
65	1883	1.8394	1.6022	0.0000	0.6960	0.8373	1.1332
66	1884	0.9455	1.5035	0.0000	0.8332	0.9219	1.2063
65	1884	1.8674	1.5983	0.0000	0.6935	0.8324	1.1401
66	1885	0.9801	1.4979	0.0000	0.8480	0.9157	1.2066
65	1885	1.8958	1.5925	0.0000	0.6905	0.8271	1.1476
66	1886	1.0160	1.4936	0.0000	0.8580	0.9084	1.2066
65	1886	1.9244	1.5857	0.0000	0.6867	0.8217	1.1560
66	1887	1.0521	1.4909	0.0000	0.8603	0.9012	1.2071
65	1887	1.9533	1.5787	0.0000	0.6805	0.8161	1.1646
66	1888	1.0885	1.4912	0.0000	0.8542	0.8932	1.2074
65	1888	1.9817	1.5732	0.0000	0.6722	0.8112	1.1734
66	1889	1.1238	1.4958	0.0000	0.8465	0.8850	1.2092
65	1889	2.0088	1.5703	0.0000	0.6640	0.8073	1.1818
66	1890	1.1583	1.5056	0.0000	0.8335	0.8764	1.2120
65	1890	2.0347	1.5724	0.0000	0.6548	0.8041	1.1901
66	1891	1.1917	1.5170	0.0000	0.8198	0.8678	1.2160
65	1891	2.0595	1.5769	0.0000	0.6402	0.8018	1.1979
66	1892	1.2234	1.5249	0.0000	0.8032	0.8606	1.2199
65	1892	2.0840	1.5801	0.0000	0.6165	0.7994	1.2048
66	1893	1.2535	1.5293	0.0000	0.7872	0.8548	1.2244
65	1893	2.1083	1.5815	0.0000	0.5963	0.7967	1.2110
66	1894	1.2841	1.5314	0.0000	0.7693	0.8489	1.2287
65	1894	2.1330	1.5824	0.0000	0.5875	0.7945	1.2170
66	1895	1.3135	1.5313	0.0000	0.7527	0.8442	1.2337
65	1895	2.1577	1.5829	0.0000	0.5880	0.7929	1.2217
66	1896	1.3439	1.5317	0.0000	0.7385	0.8366	1.2402
65	1896	2.1805	1.5829	0.0000	0.5983	0.7937	1.2268
66	1897	1.3734	1.5312	0.0000	0.7285	0.8265	1.2498
65	1897	2.1999	1.5837	0.0000	0.6130	0.7990	1.2304
66	1898	1.4034	1.5307	0.0000	0.7225	0.8168	1.2590
65	1898	2.2202	1.5833	0.0000	0.6320	0.8042	1.2338
66	1899	1.4315	1.5283	0.0000	0.7170	0.8123	1.2661
65	1899	2.2438	1.5818	0.0000	0.6540	0.8068	1.2353
66	1900	1.4594	1.5254	0.0000	0.7143	0.8105	1.2712
65	1900	2.2699	1.5800	0.0000	0.6807	0.8082	1.2356
66	1901	1.4871	1.5215	0.0000	0.7110	0.8117	1.2757
65	1901	2.2988	1.5781	0.0000	0.7173	0.8080	1.2348
66	1902	1.5148	1.5172	0.0000	0.7090	0.8144	1.2790
65	1902	2.3292	1.5753	0.0000	0.7663	0.8077	1.2330
66	1903	1.5425	1.5124	0.0000	0.7075	0.8186	1.2807
66	1904	1.5709	1.5081	0.0000	0.7088	0.8237	1.2792
67	1905	0.8609	1.6408	0.0000	0.7328	0.7383	1.2624
66	1905	1.5992	1.5037	0.0000	0.7107	0.8308	1.2746
67	1906	0.8885	1.6440	0.0000	0.7090	0.7398	1.2605
66	1906	1.6283	1.4998	0.0000	0.7097	0.8391	1.2667
67	1907	0.9156	1.6476	0.0000	0.6853	0.7414	1.2594
66	1907	1.6570	1.4968	0.0000	0.7055	0.8494	1.2572
67	1908	0.9410	1.6500	0.0000	0.6675	0.7454	1.2588
66	1908	1.6864	1.4961	0.0000	0.6985	0.8608	1.2452
67	1909	0.9656	1.6514	0.0000	0.6535	0.7494	1.2586
66	1909	1.7150	1.4988	0.0000	0.6883	0.8729	1.2328
67	1910	0.9897	1.6512	0.0000	0.6467	0.7540	1.2574
66	1910	1.7437	1.5041	0.0000	0.6780	0.8827	1.2220
67	1911	1.0146	1.6503	0.0000	0.6453	0.7564	1.2581
66	1911	1.7710	1.5082	0.0000	0.6655	0.8912	1.2139
67	1912	1.0396	1.6490	0.0000	0.6498	0.7574	1.2608
66	1912	1.7970	1.5106	0.0000	0.6575	0.8976	1.2085
67	1913	1.0664	1.6480	0.0000	0.6590	0.7555	1.2648
66	1913	1.8219	1.5104	0.0000	0.6488	0.9031	1.2058
67	1914	1.0925	1.6462	0.0000	0.6725	0.7537	1.2689
66	1914	1.8462	1.5092	0.0000	0.6445	0.9071	1.2042
67	1915	1.1196	1.6443	0.0000	0.6882	0.7508	1.2724
66	1915	1.8704	1.5081	0.0000	0.6425	0.9092	1.2048
67	1916	1.1466	1.6415	0.0000	0.7023	0.7479	1.2759
66	1916	1.8945	1.5065	0.0000	0.6480	0.9101	1.2063
67	1917	1.1755	1.6390	0.0000	0.7137	0.7445	1.2787
66	1917	1.9200	1.5051	0.0000	0.6615	0.9092	1.2094
67	1918	1.2046	1.6362	0.0000	0.7175	0.7413	1.2820
66	1918	1.9459	1.5021	0.0000	0.6802	0.9084	1.2123
67	1919	1.2346	1.6352	0.0000	0.7195	0.7382	1.2845
66	1919	1.9728	1.4983	0.0000	0.7037	0.9074	1.2154
67	1920	1.2650	1.6373	0.0000	0.7153	0.7357	1.2868
66	1920	2.0007	1.4937	0.0000	0.7290	0.9059	1.2183
67	1921	1.2955	1.6425	0.0000	0.7105	0.7347	1.2874
66	1921	2.0302	1.4891	0.0000	0.7558	0.9033	1.2210
67	1922	1.3251	1.6501	0.0000	0.7010	0.7365	1.2868
66	1922	2.0616	1.4844	0.0000	0.7788	0.8986	1.2232
67	1923	1.3534	1.6574	0.0000	0.6865	0.7406	1.2858
66	1923	2.0940	1.4796	0.0000	0.8000	0.8929	1.2244
67	1924	1.3803	1.6629	0.0000	0.6740	0.7474	1.2847
66	1924	2.1277	1.4759	0.0000	0.8143	0.8854	1.2249
67	1925	1.4057	1.6664	0.0000	0.6598	0.7563	1.2827
66	1925	2.1620	1.4751	0.0000	0.8217	0.8767	1.2247
67	1926	1.4308	1.6698	0.0000	0.6477	0.7660	1.2789
66	1926	2.1968	1.4796	0.0000	0.8225	0.8663	1.2253
67	1927	1.4559	1.6728	0.0000	0.6402	0.7756	1.2732
66	1927	2.2315	1.4875	0.0000	0.8145	0.8542	1.2271
68	1928	0.6878	1.6419	0.0000	0.6898	0.7914	1.3622
67	1928	1.4792	1.6743	0.0000	0.6375	0.7867	1.2673
66	1928	2.2659	1.4961	0.0000	0.8020	0.8413	1.2285
68	1929	0.7141	1.6425	0.0000	0.6748	0.7901	1.3687
67	1929	1.5042	1.6752	0.0000	0.6395	0.7943	1.2623
66	1929	2.2985	1.5019	0.0000	0.7848	0.8283	1.2326
68	1930	0.7395	1.6436	0.0000	0.6635	0.7894	1.3736
67	1930	1.5289	1.6749	0.0000	0.6462	0.8005	1.2579
68	1931	0.7645	1.6445	0.0000	0.6585	0.7901	1.3741
67	1931	1.5546	1.6737	0.0000	0.6550	0.8046	1.2542
68	1932	0.7891	1.6444	0.0000	0.6615	0.7921	1.3719
67	1932	1.5812	1.6718	0.0000	0.6660	0.8062	1.2513
68	1933	0.8145	1.6436	0.0000	0.6655	0.7939	1.3674
67	1933	1.6084	1.6691	0.0000	0.6810	0.8064	1.2498
68	1934	0.8408	1.6421	0.0000	0.6708	0.7953	1.3630
67	1934	1.6361	1.6658	0.0000	0.6945	0.8055	1.2494
68	1935	0.8682	1.6401	0.0000	0.6750	0.7960	1.3586
67	1935	1.6642	1.6618	0.0000	0.7060	0.8037	1.2502
68	1936	0.8963	1.6377	0.0000	0.6783	0.7965	1.3543
67	1936	1.6928	1.6571	0.0000	0.7175	0.8016	1.2515
68	1937	0.9253	1.6349	0.0000	0.6827	0.7970	1.3493
67	1937	1.7223	1.6517	0.0000	0.7217	0.7991	1.2531
68	1938	0.9540	1.6317	0.0000	0.6815	0.7976	1.3430
67	1938	1.7516	1.6457	0.0000	0.7227	0.7969	1.2543
68	1939	0.9824	1.6292	0.0000	0.6760	0.7996	1.3360
67	1939	1.7820	1.6425	0.0000	0.7208	0.7944	1.2547
68	1940	1.0095	1.6270	0.0000	0.6698	0.8018	1.3301
67	1940	1.8113	1.6424	0.0000	0.7150	0.7938	1.2534
68	1941	1.0358	1.6276	0.0000	0.6645	0.8058	1.3242
67	1941	1.8416	1.6453	0.0000	0.7062	0.7924	1.2514
68	1942	1.0622	1.6317	0.0000	0.6585	0.8077	1.3200
67	1942	1.8699	1.6482	0.0000	0.6920	0.7938	1.2488
68	1943	1.0871	1.6360	0.0000	0.6548	0.8104	1.3167
67	1943	1.8975	1.6503	0.0000	0.6795	0.7957	1.2453
68	1944	1.1112	1.6389	0.0000	0.6510	0.8132	1.3153
67	1944	1.9244	1.6519	0.0000	0.6660	0.7990	1.2405
68	1945	1.1361	1.6408	0.0000	0.6525	0.8141	1.3161
67	1945	1.9502	1.6537	0.0000	0.6570	0.8033	1.2366
68	1946	1.1621	1.6425	0.0000	0.6570	0.8132	1.3183
67	1946	1.9753	1.6553	0.0000	0.6480	0.8077	1.2339
68	1947	1.1887	1.6438	0.0000	0.6620	0.8104	1.3213
67	1947	1.9991	1.6553	0.0000	0.6485	0.8123	1.2325
68	1948	1.2159	1.6451	0.0000	0.6717	0.8075	1.3238
67	1948	2.0234	1.6546	0.0000	0.6493	0.8152	1.2325
68	1949	1.2428	1.6450	0.0000	0.6840	0.8056	1.3261
67	1949	2.0484	1.6527	0.0000	0.6557	0.8167	1.2328
68	1950	1.2705	1.6441	0.0000	0.6955	0.8036	1.3271
67	1950	2.0741	1.6500	0.0000	0.6693	0.8174	1.2338
68	1951	1.2986	1.6423	0.0000	0.7070	0.8022	1.3275
67	1951	2.1008	1.6472	0.0000	0.6840	0.8174	1.2349
68	1952	1.3270	1.6396	0.0000	0.7190	0.8023	1.3261
67	1952	2.1293	1.6441	0.0000	0.7043	0.8155	1.2362
68	1953	1.3558	1.6356	0.0000	0.7310	0.8014	1.3272
67	1953	2.1572	1.6400	0.0000	0.7283	0.8148	1.2375
68	1954	1.3848	1.6297	0.0000	0.7412	0.8019	1.3278
67	1954	2.1867	1.6362	0.0000	0.7498	0.8129	1.2385
68	1955	1.4143	1.6240	0.0000	0.7458	0.8036	1.3274
67	1955	2.2179	1.6321	0.0000	0.7662	0.8099	1.2395
68	1956	1.4449	1.6192	0.0000	0.7450	0.8040	1.3282
67	1956	2.2489	1.6274	0.0000	0.7757	0.8076	1.2410
68	1957	1.4763	1.6169	0.0000	0.7425	0.8045	1.3283
67	1957	2.2808	1.6252	0.0000	0.7795	0.8046	1.2429
68	1958	1.5083	1.6186	0.0000	0.7373	0.8064	1.3279
67	1958	2.3147	1.6271	0.0000	0.7825	0.8004	1.2447
68	1959	1.5393	1.6221	0.0000	0.7290	0.8090	1.3282
68	1960	1.5688	1.6252	0.0000	0.7180	0.8118	1.3299
68	1961	1.5966	1.6271	0.0000	0.7037	0.8145	1.3328
68	1962	1.6240	1.6284	0.0000	0.6878	0.8171	1.3347
68	1963	1.6507	1.6296	0.0000	0.6725	0.8195	1.3363
68	1964	1.6764	1.6308	0.0000	0.6625	0.8219	1.3372
68	1965	1.7015	1.6316	0.0000	0.6578	0.8253	1.3365
68	1966	1.7264	1.6317	0.0000	0.6585	0.8277	1.3366
68	1967	1.7514	1.6307	0.0000	0.6627	0.8298	1.3350
68	1968	1.7773	1.6290	0.0000	0.6685	0.8313	1.3332
68	1969	1.8043	1.6266	0.0000	0.6778	0.8319	1.3310
69	1970	1.1594	1.6706	0.0000	0.6560	0.6725	1.0987
68	1970	1.8319	1.6239	0.0000	0.6890	0.8327	1.3287
69	1971	1.1852	1.6689	0.0000	0.6560	0.6748	1.0983
68	1971	1.8600	1.6203	0.0000	0.7010	0.8323	1.3271
69	1972	1.2120	1.6671	0.0000	0.6628	0.6771	1.0974
68	1972	1.8891	1.6164	0.0000	0.7100	0.8310	1.3262
69	1973	1.2386	1.6657	0.0000	0.6717	0.6795	1.0969
68	1973	1.9181	1.6123	0.0000	0.7130	0.8306	1.3244
69	1974	1.2654	1.6652	0.0000	0.6795	0.6821	1.0958
68	1974	1.9475	1.6088	0.0000	0.7112	0.8288	1.3237
69	1975	1.2928	1.6664	0.0000	0.6878	0.6843	1.0951
68	1975	1.9771	1.6075	0.0000	0.7072	0.8267	1.3236
69	1976	1.3202	1.6692	0.0000	0.6955	0.6866	1.0948
68	1976	2.0068	1.6093	0.0000	0.7012	0.8240	1.3240
69	1977	1.3482	1.6730	0.0000	0.7010	0.6872	1.0954
68	1977	2.0354	1.6127	0.0000	0.6925	0.8225	1.3248
69	1978	1.3772	1.6758	0.0000	0.7068	0.6853	1.0979
68	1978	2.0625	1.6158	0.0000	0.6845	0.8220	1.3269
69	1979	1.4054	1.6765	0.0000	0.7112	0.6834	1.1011
68	1979	2.0888	1.6177	0.0000	0.6772	0.8206	1.3298
69	1980	1.4345	1.6760	0.0000	0.7175	0.6803	1.1049
68	1980	2.1148	1.6193	0.0000	0.6720	0.8186	1.3343
69	1981	1.4634	1.6753	0.0000	0.7203	0.6771	1.1082
68	1981	2.1405	1.6211	0.0000	0.6685	0.8169	1.3387
69	1982	1.4924	1.6755	0.0000	0.7253	0.6737	1.1117
68	1982	2.1661	1.6227	0.0000	0.6685	0.8145	1.3439
69	1983	1.5213	1.6763	0.0000	0.7250	0.6706	1.1176
68	1983	2.1919	1.6233	0.0000	0.6710	0.8121	1.3489
69	1984	1.5499	1.6766	0.0000	0.7265	0.6685	1.1232
68	1984	2.2184	1.6225	0.0000	0.6745	0.8086	1.3540
69	1985	1.5798	1.6760	0.0000	0.7242	0.6661	1.1309
68	1985	2.2459	1.6205	0.0000	0.6780	0.8050	1.3595
69	1986	1.6083	1.6745	0.0000	0.7235	0.6659	1.1393
68	1986	2.2742	1.6175	0.0000	0.6828	0.8016	1.3629
69	1987	1.6383	1.6712	0.0000	0.7248	0.6645	1.1488
68	1987	2.3028	1.6136	0.0000	0.6880	0.7984	1.3671
69	1988	1.6672	1.6675	0.0000	0.7267	0.6637	1.1565
68	1988	2.3309	1.6080	0.0000	0.6920	0.7957	1.3704
69	1989	1.6960	1.6635	0.0000	0.7285	0.6626	1.1617
69	1990	1.7242	1.6593	0.0000	0.7270	0.6618	1.1658
69	1991	1.7528	1.6561	0.0000	0.7258	0.6608	1.1671
69	1992	1.7823	1.6551	0.0000	0.7190	0.6590	1.1664
70	1993	0.7503	1.5077	0.0000	0.6773	1.0617	1.1118
69	1993	1.8120	1.6553	0.0000	0.7115	0.6567	1.1639
70	1994	0.7733	1.5095	0.0000	0.6568	1.0680	1.1094
69	1994	1.8413	1.6554	0.0000	0.7053	0.6543	1.1612
70	1995	0.7965	1.5103	0.0000	0.6352	1.0741	1.1064
69	1995	1.8706	1.6561	0.0000	0.7000	0.6514	1.1591
70	1996	0.8217	1.5103	0.0000	0.6283	1.0769	1.1039
69	1996	1.8986	1.6574	0.0000	0.6953	0.6497	1.1583
70	1997	0.8468	1.5093	0.0000	0.6398	1.0791	1.1018
69	1997	1.9259	1.6589	0.0000	0.6890	0.6482	1.1579
70	1998	0.8725	1.5076	0.0000	0.6612	1.0793	1.0994
69	1998	1.9518	1.6604	0.0000	0.6825	0.6476	1.1581
70	1999	0.8997	1.5054	0.0000	0.6853	1.0784	1.0976
69	1999	1.9781	1.6609	0.0000	0.6780	0.6466	1.1594
